886
867
929
246
573
644
261
485
163
619
705
50
519
315
446
272
638
725
435
616
870
160
381
213
195
746
398
852
205
129
79
501
350
995
145
587
847
651
551
676
459
841
489
598
113
127
690
891
110
559
467
139
588
212
880
440
400
452
544
822
262
208
441
824
55
764
581
503
222
790
967
187
270
461
547
778
185
893
140
568
164
555
335
592
524
888
704
707
328
895
737
154
686
1000
247
475
720
795
629
709
36
168
494
917
807
411
996
107
72
602
919
963
427
600
601
351
510
726
970
449
679
511
385
974
374
731
64
446
873
113
204
884
256
65
800
62
451
188
512
867
157
372
488
761
373
502
615
328
212
253
438
217
814
505
842
664
709
366
759
799
716
889
882
747
79
766
730
387
131
663
275
846
150
35
219
627
993
890
207
246
327
399
427
199
608
459
883
341
73
424
105
930
538
528
135
303
257
497
410
895
140
255
44
292
998
217
849
335
828
293
988
144
913
890
162
931
142
90
193
540
783
451
197
563
431
389
313
804
940
128
543
205
307
885
840
672
101
688
983
296
349
362
784
629
251
559
368
378
120
883
528
546
448
458
344
812
746
516
751
58
323
523
310
195
386
218
177
49
910
514
808
538
132
464
843
841
117
105
801
792
720
838
763
708
161
285
993
666
455
975
771
856
946
65
963
66
873
274
290
986
879
786
671
297
231
550
223
407
398
497
785
77
525
617
512
561
931
538
513
127
672
132
313
855
123
144
913
639
180
432
329
609
519
699
331
760
278
543
735
198
262
456
685
25
395
380
842
608
230
996
710
269
495
999
491
961
510
771
967
665
203
295
641
89
362
948
824
983
858
558
548
487
381
232
143
956
697
727
553
84
436
797
554
802
655
514
311
426
480
344
604
142
92
247
244
826
393
380
626
632
510
134
726
445
657
195
483
196
439
35
444
993
667
865
623
170
259
688
227
223
825
563
266
892
785
485
109
546
232
711
177
212
271
529
844
441
408
758
827
239
425
691
229
938
317
533
516
463
757
368
615
609
453
160
816
531
681
900
718
927
443
744
489
505
411
842
601
217
609
301
849
888
863
905
267
592
224
741
909
847
636
197
809
948
442
383
408
972
152
98
88
570
209
553
596
762
180
371
687
28
258
550
908
868
509
131
417
346
612
958
154
928
767
880
335
739
31
777
802
945
961
722
755
556
484
165
711
222
827
107
455
990
322
621
298
37
202
886
362
699
813
129
578
515
843
952
659
36
288
620
734
42
543
585
182
254
782
377
704
604
425
850
141
873
595
398
776
89
490
867
994
206
272
178
392
960
96
683
434
822
542
907
799
271
707
194
80
121
969
935
591
393
176
633
746
104
203
937
643
564
142
890
718
877
241
181
559
42
370
101
924
169
715
998
706
771
486
674
97
76
617
150
730
597
210
908
533
828
840
43
109
557
287
325
105
342
451
290
634
963
980
999
668
485
709
583
536
510
199
54
919
904
128
204
527
323
913
407
943
99
366
221
55
142
528
154
222
932
125
205
212
539
403
804
998
387
318
248
353
938
764
365
193
615
905
41
151
172
814
697
863
547
285
893
665
789
414
254
112
514
435
668
53
471
418
567
641
287
702
772
627
262
386
899
646
880
71
460
577
301
374
837
562
406
993
951
636
105
465
438
140
861
618
586
553
718
286
815
787
425
810
416
178
708
62
58
146
865
610
423
238
960
620
807
302
623
279
134
60
394
694
650
190
705
857
364
986
990
145
736
41
130
198
782
734
835
541
700
405
883
981
43
708
403
494
251
959
604
115
954
298
741
144
370
965
851
355
955
971
458
100
631
201
834
661
876
238
310
758
218
697
452
315
769
543
269
434
283
756
171
247
606
870
569
576
327
540
44
326
659
588
159
687
464
740
365
589
61
790
290
226
242
948
362
760
216
772
410
947
1000
920
179
864
482
476
783
134
838
309
189
676
749
46
254
206
34
133
128
922
57
222
764
635
534
209
261
726
727
67
239
899
151
556
574
839
528
720
532
365
504
953
41
252
366
270
801
375
378
905
297
779
494
428
781
396
980
489
706
83
704
604
259
545
47
154
632
495
135
266
511
731
607
148
531
350
869
803
990
234
803
101
898
59
782
359
581
763
236
124
198
909
793
620
410
111
585
547
889
470
50
444
919
418
844
305
323
133
28
582
710
806
658
607
232
440
334
180
202
545
279
743
453
71
362
838
526
923
752
414
760
778
225
679
563
436
959
253
912
354
810
622
159
468
228
366
275
905
522
820
450
168
562
270
583
900
476
108
214
595
865
949
740
89
627
302
868
954
530
307
340
401
175
972
543
425
877
432
244
274
91
457
731
390
622
557
479
825
61
36
78
320
396
620
726
65
309
845
431
532
100
208
777
467
550
789
807
637
82
525
278
149
349
984
882
338
908
360
162
336
740
583
631
135
571
724
176
855
569
950
387
157
531
478
683
653
687
745
177
940
261
501
315
143
206
222
846
343
901
585
294
696
840
623
239
86
559
188
816
570
321
347
416
979
34
68
665
146
588
972
751
456
286
869
483
106
667
616
650
944
549
498
987
397
629
990
350
469
75
516
32
417
217
810
851
424
927
388
948
304
200
482
191
682
735
933
132
494
253
791
326
895
302
657
26
298
704
537
475
906
833
388
423
182
130
685
679
394
27
941
845
758
867
62
777
846
183
837
425
554
986
470
744
243
692
540
601
615
930
442
197
892
699
195
516
256
723
873
724
418
66
837
447
239
732
772
882
963
700
101
757
77
914
501
295
974
408
264
588
705
681
760
596
747
479
979
44
740
95
383
586
347
248
533
274
763
582
28
270
462
882
291
490
991
944
761
77
673
739
104
289
758
855
140
223
507
65
929
246
504
679
199
218
903
99
467
57
657
838
671
486
719
937
952
710
273
154
921
819
233
209
455
692
534
125
463
550
972
141
117
189
411
191
1000
812
215
837
482
677
556
786
628
633
58
762
954
285
362
531
229
184
590
130
120
690
936
37
53
445
129
831
664
585
642
854
789
491
818
794
916
429
830
489
345
734
687
622
130
380
756
751
613
354
247
720
989
350
80
554
880
310
856
395
213
341
556
995
145
791
509
943
372
511
799
692
244
485
313
717
840
437
468
452
766
82
539
146
407
962
675
287
271
898
49
459
238
580
822
726
738
330
61
109
816
835
777
427
688
89
512
895
869
955
715
635
404
253
786
583
440
829
696
464
656
302
411
477
148
174
431
601
634
745
151
201
638
70
960
297
72