0 ms: {2, {}},
0 ms: {3, {}},
0 ms: {4, {}},
0 ms: {5, {}},
0 ms: {6, {}},
0 ms: {7, {}},
0 ms: {8, {}},
0 ms: {9, {}},
0 ms: {10, {}},
0 ms: {11, {}},
0 ms: {12, {}},
0 ms: {13, {}},
0 ms: {14, {}},
0 ms: {15, {8, 1, 15, 10, 6, 3, 13, 12, 4, 5, 11, 14, 2, 7, 9}},
0 ms: {16, {8, 1, 15, 10, 6, 3, 13, 12, 4, 5, 11, 14, 2, 7, 9, 16}},
0 ms: {17, {16, 9, 7, 2, 14, 11, 5, 4, 12, 13, 3, 6, 10, 15, 1, 8, 17}},
1.001 ms: {18, {}},
1.001 ms: {19, {}},
3.002 ms: {20, {}},
1.001 ms: {21, {}},
4.004 ms: {22, {}},
5.005 ms: {23, {18, 7, 9, 16, 20, 5, 11, 14, 22, 3, 1, 8, 17, 19, 6, 10, 15, 21, 4, 12, 13, 23, 2}},
6.005 ms: {24, {}},
3.003 ms: {25, {18, 7, 9, 16, 20, 5, 11, 25, 24, 12, 13, 23, 2, 14, 22, 3, 1, 8, 17, 19, 6, 10, 15, 21, 4}},
5.004 ms: {26, {18, 7, 9, 16, 20, 5, 11, 25, 24, 12, 13, 3, 22, 14, 2, 23, 26, 10, 6, 19, 17, 8, 1, 15, 21, 4}},
9.008 ms: {27, {18, 7, 9, 27, 22, 14, 2, 23, 26, 10, 15, 21, 4, 12, 13, 3, 6, 19, 17, 8, 1, 24, 25, 11, 5, 20, 16}},
14.013 ms: {28, {18, 7, 2, 23, 26, 10, 15, 21, 28, 8, 17, 19, 6, 3, 13, 12, 4, 5, 20, 16, 9, 27, 22, 14, 11, 25, 24, 1}},
17.015 ms: {29, {18, 7, 29, 20, 16, 9, 27, 22, 14, 2, 23, 26, 10, 15, 21, 28, 8, 17, 19, 6, 3, 13, 12, 4, 5, 11, 25, 24, 1}},
11.009 ms: {30, {18, 7, 29, 20, 16, 9, 27, 22, 14, 2, 23, 26, 10, 15, 21, 28, 8, 17, 19, 30, 6, 3, 13, 12, 4, 5, 11, 25, 24, 1}},
8.007 ms: {31, {16, 9, 27, 22, 3, 6, 30, 19, 17, 8, 28, 21, 4, 12, 13, 23, 26, 10, 15, 1, 24, 25, 11, 14, 2, 7, 29, 20, 5, 31, 18}},
12.011 ms: {32, {16, 20, 29, 7, 18, 31, 5, 11, 25, 24, 12, 13, 3, 6, 30, 19, 17, 32, 4, 21, 28, 8, 1, 15, 10, 26, 23, 2, 14, 22, 27, 9}},
14.012 ms: {33, {18, 31, 33, 16, 20, 29, 7, 9, 27, 22, 14, 2, 23, 26, 10, 15, 21, 28, 8, 1, 24, 25, 11, 5, 4, 32, 17, 19, 30, 6, 3, 13, 12}},
9.008 ms: {34, {18, 31, 33, 16, 20, 29, 7, 9, 27, 22, 14, 11, 25, 24, 12, 13, 3, 1, 8, 28, 21, 15, 34, 2, 23, 26, 10, 6, 30, 19, 17, 32, 4, 5}},
6.005 ms: {35, {18, 31, 33, 16, 20, 29, 35, 14, 22, 27, 9, 7, 2, 34, 30, 19, 17, 32, 4, 5, 11, 25, 24, 12, 13, 23, 26, 10, 15, 21, 28, 8, 1, 3, 6}},
13.011 ms: {36, {18, 31, 33, 16, 20, 29, 35, 14, 22, 27, 9, 7, 2, 34, 30, 19, 6, 3, 1, 8, 17, 32, 4, 5, 11, 25, 24, 12, 13, 36, 28, 21, 15, 10, 26, 23}},
11.01 ms: {37, {18, 31, 33, 16, 20, 29, 35, 14, 22, 27, 37, 12, 24, 25, 11, 5, 4, 32, 17, 8, 1, 3, 13, 36, 28, 21, 15, 34, 30, 19, 6, 10, 26, 23, 2, 7, 9}},
8.007 ms: {38, {18, 31, 33, 16, 20, 29, 35, 14, 22, 3, 1, 8, 17, 32, 4, 5, 11, 38, 26, 23, 13, 36, 28, 21, 15, 10, 6, 19, 30, 34, 2, 7, 9, 27, 37, 12, 24, 25}},
10.009 ms: {39, {18, 31, 33, 16, 20, 29, 35, 14, 22, 27, 37, 12, 24, 25, 39, 10, 26, 38, 11, 5, 4, 32, 17, 8, 1, 3, 6, 19, 30, 34, 15, 21, 28, 36, 13, 23, 2, 7, 9}},
11.01 ms: {40, {18, 31, 33, 16, 20, 29, 35, 14, 22, 27, 37, 12, 24, 40, 9, 7, 2, 34, 30, 19, 6, 3, 1, 8, 17, 32, 4, 5, 11, 38, 26, 23, 13, 36, 28, 21, 15, 10, 39, 25}},
6.006 ms: {41, {18, 31, 33, 16, 20, 29, 35, 14, 22, 27, 37, 12, 24, 40, 9, 7, 2, 34, 30, 19, 17, 32, 4, 5, 11, 38, 26, 23, 41, 8, 1, 15, 21, 28, 36, 13, 3, 6, 10, 39, 25}},
10.009 ms: {42, {18, 31, 33, 16, 20, 29, 35, 14, 22, 42, 39, 25, 24, 40, 41, 23, 26, 38, 11, 5, 4, 32, 17, 19, 30, 34, 2, 7, 9, 27, 37, 12, 13, 36, 28, 21, 15, 10, 6, 3, 1, 8}},
27.024 ms: {43, {18, 31, 33, 16, 20, 29, 35, 14, 22, 42, 39, 25, 24, 40, 41, 23, 26, 38, 43, 21, 15, 10, 6, 3, 1, 8, 28, 36, 13, 12, 37, 27, 9, 7, 2, 34, 30, 19, 17, 32, 4, 5, 11}},
78.07 ms: {44, {18, 31, 33, 16, 20, 44, 37, 27, 22, 42, 39, 25, 24, 40, 9, 7, 29, 35, 14, 11, 5, 4, 32, 17, 19, 30, 34, 2, 23, 41, 8, 1, 3, 6, 43, 38, 26, 10, 15, 21, 28, 36, 13, 12}},
9.008 ms: {45, {18, 31, 33, 16, 20, 44, 37, 27, 22, 42, 39, 25, 24, 40, 9, 7, 29, 35, 14, 11, 5, 4, 32, 17, 19, 45, 36, 28, 21, 43, 38, 26, 10, 15, 1, 8, 41, 23, 2, 34, 30, 6, 3, 13, 12}},
10.009 ms: {46, {32, 17, 19, 45, 36, 28, 21, 43, 38, 26, 23, 41, 40, 24, 25, 39, 42, 22, 27, 37, 44, 20, 29, 35, 14, 11, 5, 4, 12, 13, 3, 46, 18, 31, 33, 16, 9, 7, 2, 34, 30, 6, 10, 15, 1, 8}},
0 ms: {47, {32, 17, 47, 34, 30, 19, 45, 36, 28, 21, 43, 38, 26, 23, 41, 40, 24, 25, 39, 42, 22, 27, 37, 44, 20, 29, 35, 46, 18, 31, 33, 16, 9, 7, 2, 14, 11, 5, 4, 12, 13, 3, 6, 10, 15, 1, 8}},
1.001 ms: {48, {32, 17, 47, 34, 30, 19, 45, 36, 28, 21, 43, 38, 26, 23, 41, 40, 24, 25, 39, 42, 22, 27, 37, 44, 20, 29, 35, 46, 18, 31, 33, 48, 16, 9, 7, 2, 14, 11, 5, 4, 12, 13, 3, 6, 10, 15, 1, 8}},
0 ms: {49, {49, 32, 17, 47, 34, 30, 19, 45, 36, 28, 21, 43, 38, 26, 23, 41, 40, 24, 25, 39, 42, 22, 27, 37, 44, 20, 29, 35, 46, 18, 31, 33, 48, 16, 9, 7, 2, 14, 11, 5, 4, 12, 13, 3, 6, 10, 15, 1, 8}},
0 ms: {50, {49, 32, 17, 47, 34, 30, 19, 45, 36, 28, 21, 43, 38, 26, 23, 41, 8, 1, 24, 40, 9, 16, 48, 33, 31, 50, 14, 2, 7, 18, 46, 35, 29, 20, 44, 37, 27, 22, 42, 39, 25, 11, 5, 4, 12, 13, 3, 6, 10, 15}},
25.022 ms: {51, {50, 31, 18, 46, 35, 29, 20, 44, 37, 27, 22, 42, 39, 25, 24, 40, 41, 23, 26, 38, 43, 21, 28, 36, 45, 19, 30, 51, 49, 32, 17, 47, 34, 15, 10, 6, 3, 13, 12, 4, 5, 11, 14, 2, 7, 9, 16, 33, 48, 1, 8}},
92.083 ms: {52, {50, 31, 18, 46, 35, 29, 52, 48, 33, 16, 20, 44, 37, 27, 22, 42, 39, 25, 24, 40, 41, 23, 26, 38, 43, 21, 28, 8, 1, 3, 6, 10, 15, 34, 47, 17, 32, 49, 51, 30, 19, 45, 36, 13, 12, 4, 5, 11, 14, 2, 7, 9}},
15.013 ms: {53, {50, 31, 18, 46, 35, 29, 52, 48, 33, 16, 20, 44, 37, 27, 22, 42, 39, 25, 24, 40, 41, 23, 26, 38, 43, 21, 28, 53, 47, 34, 15, 10, 6, 3, 1, 8, 17, 32, 49, 51, 30, 19, 45, 36, 13, 12, 4, 5, 11, 14, 2, 7, 9}},
48.044 ms: {54, {50, 31, 18, 46, 54, 27, 37, 44, 20, 29, 52, 48, 33, 16, 9, 40, 41, 23, 26, 38, 43, 21, 28, 53, 47, 34, 30, 51, 49, 15, 10, 39, 42, 22, 3, 6, 19, 45, 36, 13, 12, 24, 25, 11, 5, 4, 32, 17, 8, 1, 35, 14, 2, 7}},
13.011 ms: {55, {50, 31, 18, 46, 54, 27, 37, 44, 20, 29, 52, 48, 33, 16, 9, 55, 45, 36, 28, 53, 47, 34, 30, 51, 49, 32, 17, 19, 6, 43, 38, 26, 23, 13, 3, 22, 42, 7, 2, 14, 35, 1, 8, 41, 40, 24, 12, 4, 21, 15, 10, 39, 25, 11, 5}},
10.009 ms: {56, {50, 31, 18, 46, 54, 27, 37, 44, 56, 25, 39, 42, 22, 14, 35, 29, 52, 48, 33, 16, 20, 5, 11, 53, 47, 34, 30, 51, 49, 32, 17, 19, 45, 55, 26, 38, 43, 21, 28, 36, 13, 3, 6, 10, 15, 1, 8, 41, 23, 2, 7, 9, 40, 24, 12, 4}},
19.017 ms: {57, {50, 31, 18, 46, 54, 27, 37, 44, 56, 25, 39, 42, 22, 14, 35, 29, 52, 48, 33, 16, 20, 5, 11, 53, 47, 34, 30, 51, 49, 32, 17, 19, 45, 55, 26, 38, 43, 57, 24, 40, 9, 7, 2, 23, 41, 8, 28, 36, 13, 12, 4, 21, 15, 10, 6, 3, 1}},
48.043 ms: {58, {50, 31, 18, 46, 54, 27, 37, 44, 56, 25, 39, 42, 58, 23, 41, 40, 24, 57, 43, 38, 26, 55, 45, 36, 28, 53, 47, 34, 30, 51, 49, 32, 4, 21, 15, 10, 6, 19, 17, 8, 1, 35, 29, 20, 5, 11, 14, 22, 3, 13, 12, 52, 48, 33, 16, 9, 7, 2}},
20.018 ms: {59, {50, 31, 18, 46, 54, 27, 37, 44, 56, 25, 39, 42, 58, 23, 41, 59, 22, 14, 35, 29, 52, 48, 33, 16, 20, 5, 11, 53, 47, 34, 30, 51, 49, 32, 17, 19, 45, 55, 9, 40, 24, 12, 4, 21, 15, 1, 8, 28, 36, 13, 3, 6, 10, 26, 38, 43, 57, 7, 2}},
15.013 ms: {60, {50, 31, 18, 46, 54, 27, 37, 44, 56, 25, 39, 42, 58, 23, 41, 59, 22, 14, 35, 29, 52, 48, 33, 16, 20, 5, 11, 53, 47, 34, 30, 51, 49, 32, 17, 19, 45, 55, 26, 38, 43, 57, 24, 12, 13, 36, 28, 8, 1, 3, 6, 10, 15, 21, 4, 60, 40, 9, 7, 2}},
124.111 ms: {61, {50, 31, 18, 46, 54, 27, 37, 44, 56, 25, 39, 61, 60, 40, 41, 59, 22, 42, 58, 23, 26, 55, 45, 36, 28, 53, 47, 34, 30, 51, 49, 32, 17, 19, 6, 10, 15, 21, 4, 12, 13, 3, 33, 48, 52, 29, 35, 14, 2, 7, 9, 16, 20, 5, 11, 38, 43, 57, 24, 1, 8}},
28.024 ms: {62, {50, 31, 18, 46, 54, 27, 37, 44, 56, 25, 39, 61, 60, 40, 41, 59, 62, 38, 43, 57, 24, 12, 52, 48, 33, 16, 20, 29, 35, 14, 22, 42, 58, 23, 26, 55, 45, 36, 28, 21, 15, 10, 6, 30, 19, 17, 8, 1, 3, 13, 51, 49, 32, 4, 5, 11, 53, 47, 34, 2, 7, 9}},
244.209 ms: {63, {50, 31, 33, 48, 52, 29, 35, 46, 54, 27, 37, 63, 58, 42, 39, 61, 60, 40, 41, 59, 62, 38, 43, 57, 24, 25, 56, 44, 20, 16, 9, 55, 45, 36, 28, 21, 15, 34, 47, 53, 11, 5, 4, 12, 13, 23, 26, 10, 6, 19, 30, 51, 49, 32, 17, 8, 1, 3, 22, 14, 2, 7, 18}},
16.014 ms: {64, {50, 31, 33, 48, 52, 29, 35, 46, 54, 27, 37, 63, 58, 42, 39, 61, 60, 40, 41, 59, 62, 38, 43, 57, 64, 36, 45, 55, 26, 23, 13, 51, 49, 32, 17, 47, 53, 11, 25, 56, 8, 28, 21, 15, 10, 6, 19, 30, 34, 2, 14, 22, 3, 1, 24, 12, 4, 5, 44, 20, 16, 9, 7, 18}},
46.041 ms: {65, {50, 31, 33, 48, 52, 29, 35, 65, 56, 44, 37, 63, 58, 42, 39, 61, 60, 40, 41, 59, 62, 38, 43, 57, 64, 36, 45, 55, 26, 23, 13, 51, 49, 32, 17, 47, 53, 28, 21, 15, 34, 30, 19, 6, 10, 54, 46, 18, 7, 2, 14, 11, 25, 24, 12, 4, 5, 20, 16, 9, 27, 22, 3, 1, 8}},
36.033 ms: {66, {50, 31, 33, 48, 52, 29, 35, 65, 56, 44, 37, 63, 58, 42, 39, 61, 60, 40, 41, 59, 62, 38, 43, 57, 64, 36, 45, 55, 66, 34, 47, 53, 28, 21, 15, 49, 51, 30, 19, 17, 32, 4, 12, 13, 23, 26, 10, 6, 3, 22, 14, 2, 7, 18, 46, 54, 27, 9, 16, 20, 5, 11, 25, 24, 1, 8}},
20.018 ms: {67, {50, 31, 18, 63, 58, 42, 39, 61, 60, 40, 41, 59, 62, 38, 43, 57, 64, 36, 45, 55, 66, 34, 47, 53, 28, 21, 15, 49, 51, 30, 19, 17, 32, 4, 12, 52, 48, 33, 67, 54, 46, 35, 65, 56, 8, 1, 24, 25, 11, 5, 44, 37, 27, 9, 16, 20, 29, 7, 2, 14, 22, 3, 13, 23, 26, 10, 6}},
30.027 ms: {68, {50, 31, 18, 63, 58, 42, 39, 61, 60, 40, 41, 59, 62, 38, 43, 57, 64, 36, 45, 55, 66, 34, 47, 53, 68, 32, 49, 51, 30, 19, 17, 8, 56, 65, 35, 46, 54, 67, 33, 48, 52, 29, 20, 16, 9, 7, 2, 23, 26, 10, 6, 3, 13, 12, 4, 5, 44, 37, 27, 22, 14, 11, 25, 24, 1, 15, 21, 28}},
41.037 ms: {69, {50, 31, 69, 52, 48, 33, 67, 54, 46, 18, 63, 58, 42, 39, 61, 60, 40, 41, 59, 62, 38, 43, 57, 64, 36, 45, 55, 66, 34, 47, 53, 68, 32, 49, 51, 30, 19, 17, 8, 56, 65, 35, 29, 20, 16, 9, 7, 2, 23, 26, 10, 6, 3, 13, 12, 4, 5, 44, 37, 27, 22, 14, 11, 25, 24, 1, 15, 21, 28}},
36.033 ms: {70, {50, 31, 69, 52, 48, 33, 67, 54, 46, 18, 63, 58, 42, 39, 61, 60, 40, 41, 59, 62, 38, 43, 57, 64, 36, 45, 55, 66, 34, 47, 53, 68, 32, 49, 51, 70, 30, 19, 17, 8, 56, 65, 35, 29, 20, 16, 9, 7, 2, 23, 26, 10, 6, 3, 13, 12, 4, 5, 44, 37, 27, 22, 14, 11, 25, 24, 1, 15, 21, 28}},
25.022 ms: {71, {49, 51, 70, 30, 34, 66, 55, 45, 36, 64, 57, 43, 38, 62, 59, 41, 40, 60, 61, 39, 42, 58, 63, 37, 44, 56, 65, 35, 46, 54, 67, 33, 48, 52, 69, 31, 50, 14, 22, 27, 9, 16, 20, 5, 11, 25, 24, 12, 13, 68, 32, 4, 21, 15, 1, 3, 6, 19, 17, 8, 28, 53, 47, 2, 23, 26, 10, 71, 29, 7, 18}},
278.243 ms: {72, {50, 71, 29, 52, 69, 31, 18, 63, 58, 42, 39, 61, 60, 40, 41, 59, 62, 38, 43, 57, 64, 36, 45, 55, 66, 34, 47, 53, 68, 32, 49, 72, 28, 21, 15, 10, 54, 67, 33, 48, 16, 65, 56, 8, 17, 19, 6, 30, 51, 70, 11, 25, 24, 1, 35, 46, 3, 22, 14, 2, 7, 9, 27, 37, 44, 20, 5, 4, 12, 13, 23, 26}},
109.098 ms: {73, {50, 71, 73, 48, 52, 69, 31, 18, 63, 58, 42, 39, 61, 60, 40, 41, 59, 62, 38, 43, 57, 64, 36, 45, 55, 66, 34, 47, 53, 68, 32, 49, 72, 28, 21, 15, 10, 54, 67, 33, 16, 65, 56, 44, 37, 12, 4, 5, 20, 29, 35, 46, 3, 22, 27, 9, 7, 2, 14, 11, 25, 24, 1, 8, 17, 19, 6, 30, 70, 51, 13, 23, 26}},
460.404 ms: {74, {50, 71, 73, 48, 52, 69, 31, 18, 63, 58, 42, 39, 61, 60, 40, 41, 59, 62, 38, 43, 57, 64, 36, 45, 55, 66, 34, 47, 74, 70, 51, 49, 72, 28, 53, 68, 32, 17, 19, 30, 6, 10, 54, 67, 33, 16, 9, 27, 37, 44, 20, 29, 7, 2, 14, 22, 3, 46, 35, 65, 56, 8, 1, 15, 21, 4, 5, 11, 25, 24, 12, 13, 23, 26}},
62.056 ms: {75, {50, 71, 73, 48, 52, 69, 75, 46, 54, 67, 33, 31, 18, 63, 58, 42, 39, 61, 60, 40, 41, 59, 62, 38, 43, 57, 64, 36, 45, 55, 66, 34, 47, 74, 70, 51, 49, 72, 28, 53, 68, 32, 17, 19, 30, 6, 10, 26, 23, 13, 12, 24, 25, 56, 8, 1, 15, 21, 4, 5, 11, 14, 2, 7, 9, 16, 65, 35, 29, 20, 44, 37, 27, 22, 3}},
57.051 ms: {76, {50, 71, 73, 48, 52, 69, 75, 46, 54, 67, 33, 31, 18, 63, 58, 42, 39, 61, 60, 40, 41, 59, 62, 38, 43, 57, 64, 36, 45, 76, 68, 53, 47, 74, 70, 51, 49, 72, 28, 21, 15, 66, 55, 26, 23, 13, 12, 37, 44, 56, 8, 17, 32, 4, 5, 20, 16, 65, 35, 29, 7, 9, 27, 22, 3, 1, 24, 25, 11, 14, 2, 34, 30, 19, 6, 10}},
30.027 ms: {77, {50, 71, 73, 48, 52, 69, 75, 46, 54, 67, 77, 44, 56, 65, 35, 29, 20, 61, 60, 40, 41, 59, 62, 38, 43, 57, 64, 36, 45, 76, 68, 53, 47, 74, 70, 51, 49, 72, 28, 21, 15, 66, 55, 26, 23, 58, 63, 37, 27, 22, 42, 39, 25, 24, 1, 8, 17, 32, 4, 12, 13, 3, 33, 16, 9, 7, 18, 31, 5, 11, 14, 2, 34, 30, 19, 6, 10}},
45.04 ms: {78, {50, 71, 73, 48, 52, 69, 75, 46, 54, 67, 77, 44, 56, 65, 35, 29, 20, 61, 60, 40, 41, 59, 62, 38, 43, 78, 66, 55, 45, 76, 68, 53, 47, 74, 70, 51, 49, 72, 28, 36, 64, 57, 24, 25, 39, 42, 58, 63, 37, 27, 22, 3, 33, 16, 9, 7, 18, 31, 5, 11, 14, 2, 34, 30, 19, 6, 10, 26, 23, 13, 12, 4, 32, 17, 8, 1, 15, 21}},
28.025 ms: {79, {50, 71, 73, 48, 52, 69, 75, 46, 54, 67, 77, 44, 56, 65, 79, 42, 58, 63, 37, 27, 22, 78, 66, 55, 45, 76, 68, 53, 47, 74, 70, 51, 49, 72, 28, 36, 64, 57, 43, 38, 62, 59, 41, 40, 60, 61, 39, 25, 24, 12, 13, 23, 26, 10, 15, 21, 4, 32, 17, 8, 1, 35, 29, 20, 16, 33, 3, 6, 19, 30, 34, 2, 14, 11, 5, 31, 18, 7, 9}},
141.126 ms: {80, {50, 71, 73, 48, 52, 69, 75, 46, 54, 67, 77, 44, 56, 65, 79, 42, 58, 63, 37, 27, 22, 78, 66, 55, 45, 76, 68, 53, 47, 74, 70, 51, 49, 72, 28, 36, 64, 80, 41, 59, 62, 38, 43, 57, 24, 40, 60, 61, 39, 25, 11, 14, 2, 34, 30, 19, 6, 3, 33, 16, 9, 7, 18, 31, 5, 20, 29, 35, 1, 8, 17, 32, 4, 21, 15, 10, 26, 23, 13, 12}},
347.292 ms: {81, {50, 71, 73, 48, 52, 69, 75, 46, 54, 67, 77, 44, 56, 65, 79, 42, 58, 63, 81, 40, 60, 61, 39, 25, 24, 76, 68, 53, 47, 74, 70, 51, 49, 72, 28, 36, 64, 80, 41, 59, 62, 38, 43, 78, 66, 55, 45, 19, 30, 6, 10, 26, 23, 2, 34, 15, 21, 4, 32, 17, 8, 1, 35, 29, 20, 5, 11, 14, 22, 3, 13, 12, 37, 27, 9, 16, 33, 31, 18, 7, 57}},
45.04 ms: {82, {50, 71, 73, 48, 52, 69, 75, 46, 54, 67, 77, 44, 56, 65, 79, 42, 58, 63, 81, 40, 60, 61, 39, 82, 62, 59, 41, 80, 64, 57, 43, 78, 66, 55, 45, 76, 68, 53, 47, 74, 70, 51, 49, 72, 28, 36, 13, 23, 26, 38, 11, 25, 24, 12, 37, 27, 22, 14, 35, 29, 20, 5, 31, 18, 7, 9, 16, 33, 3, 1, 8, 17, 32, 4, 21, 15, 10, 6, 19, 30, 34, 2}},
25.023 ms: {83, {50, 71, 73, 48, 52, 69, 75, 46, 54, 67, 77, 44, 56, 65, 79, 42, 58, 63, 81, 40, 60, 61, 83, 38, 62, 82, 39, 25, 24, 76, 68, 53, 47, 74, 70, 51, 49, 72, 28, 36, 64, 80, 41, 59, 22, 78, 66, 55, 45, 19, 30, 34, 15, 21, 43, 57, 7, 18, 31, 33, 16, 20, 29, 35, 1, 8, 17, 32, 4, 5, 11, 14, 2, 23, 26, 10, 6, 3, 13, 12, 37, 27, 9}},
167.15 ms: {84, {50, 71, 73, 48, 52, 69, 75, 46, 54, 67, 77, 44, 56, 65, 79, 42, 58, 63, 81, 40, 60, 84, 37, 27, 22, 78, 66, 55, 45, 76, 68, 53, 47, 74, 70, 51, 49, 72, 28, 36, 64, 80, 41, 59, 62, 82, 39, 61, 83, 38, 43, 57, 24, 25, 11, 14, 2, 34, 30, 19, 6, 3, 33, 16, 9, 7, 18, 31, 5, 20, 29, 35, 1, 8, 17, 32, 4, 21, 15, 10, 26, 23, 13, 12}},
599.539 ms: {85, {50, 71, 73, 48, 52, 69, 75, 46, 54, 67, 77, 44, 56, 65, 79, 42, 58, 63, 81, 40, 60, 84, 85, 59, 62, 82, 39, 61, 83, 38, 43, 78, 66, 55, 45, 76, 68, 53, 47, 74, 70, 51, 49, 72, 28, 36, 64, 80, 41, 23, 26, 10, 15, 21, 4, 32, 17, 19, 6, 30, 34, 2, 14, 22, 3, 13, 12, 37, 27, 9, 16, 33, 31, 18, 7, 57, 24, 25, 11, 5, 20, 29, 35, 1, 8}},
59.053 ms: {86, {50, 71, 73, 48, 52, 69, 75, 46, 54, 67, 77, 44, 56, 65, 79, 42, 58, 86, 83, 61, 60, 84, 85, 59, 62, 82, 39, 25, 24, 76, 68, 53, 47, 74, 70, 51, 49, 72, 28, 36, 64, 80, 41, 40, 81, 63, 37, 27, 22, 78, 66, 55, 45, 19, 30, 34, 15, 21, 43, 57, 7, 18, 31, 5, 20, 29, 35, 1, 8, 17, 32, 4, 12, 13, 23, 2, 14, 11, 38, 26, 10, 6, 3, 33, 16, 9}},
113.102 ms: {87, {50, 71, 73, 48, 52, 69, 75, 46, 54, 67, 77, 44, 56, 65, 79, 42, 58, 86, 83, 61, 60, 84, 85, 59, 62, 82, 87, 57, 64, 80, 41, 40, 81, 63, 37, 27, 22, 78, 66, 55, 45, 76, 68, 53, 47, 74, 70, 51, 49, 72, 28, 36, 13, 23, 26, 38, 43, 21, 15, 10, 39, 25, 24, 12, 4, 32, 17, 8, 1, 35, 29, 20, 16, 33, 3, 6, 19, 30, 34, 2, 14, 11, 5, 31, 18, 7, 9}},
100.09 ms: {88, {50, 71, 73, 48, 52, 69, 75, 46, 54, 67, 77, 44, 56, 88, 81, 63, 58, 86, 83, 61, 60, 84, 85, 59, 62, 82, 87, 57, 64, 80, 41, 40, 24, 76, 68, 53, 47, 74, 70, 51, 49, 72, 28, 36, 45, 55, 66, 78, 43, 38, 26, 23, 13, 12, 37, 27, 22, 42, 79, 65, 35, 29, 20, 5, 31, 18, 7, 9, 16, 33, 3, 6, 19, 30, 34, 2, 14, 11, 25, 39, 10, 15, 21, 4, 32, 17, 8, 1}},
271.243 ms: {89, {50, 71, 73, 48, 52, 69, 75, 46, 54, 67, 77, 44, 56, 88, 81, 63, 58, 86, 83, 61, 60, 84, 85, 59, 62, 82, 87, 57, 64, 80, 89, 55, 66, 78, 43, 38, 26, 74, 70, 51, 49, 72, 28, 53, 68, 76, 45, 36, 13, 23, 41, 40, 24, 25, 39, 42, 79, 65, 35, 29, 20, 5, 11, 14, 22, 3, 1, 8, 17, 32, 4, 21, 15, 10, 6, 19, 30, 34, 47, 2, 7, 18, 31, 33, 16, 9, 27, 37, 12}},
125.112 ms: {90, {50, 71, 73, 48, 52, 69, 75, 46, 54, 90, 79, 65, 56, 88, 81, 63, 58, 86, 83, 61, 60, 84, 85, 59, 62, 82, 87, 57, 64, 80, 89, 55, 66, 78, 43, 38, 26, 74, 70, 51, 49, 72, 28, 53, 68, 76, 45, 36, 13, 23, 77, 67, 33, 31, 18, 7, 42, 39, 25, 24, 40, 41, 8, 1, 35, 29, 20, 16, 9, 27, 22, 3, 6, 10, 15, 21, 4, 32, 17, 19, 30, 34, 47, 2, 14, 11, 5, 44, 37, 12}},
80.072 ms: {91, {50, 71, 73, 48, 52, 69, 75, 46, 54, 90, 79, 65, 56, 88, 81, 63, 58, 86, 83, 61, 60, 84, 85, 59, 62, 82, 87, 57, 64, 80, 89, 55, 66, 78, 91, 53, 68, 76, 45, 36, 28, 72, 49, 51, 70, 74, 47, 34, 30, 19, 17, 32, 4, 77, 67, 33, 31, 18, 7, 42, 39, 25, 24, 40, 41, 23, 2, 14, 35, 29, 20, 16, 9, 27, 22, 3, 13, 12, 37, 44, 5, 11, 38, 26, 10, 6, 43, 21, 15, 1, 8}},
1104.99 ms: {92, {50, 71, 73, 48, 52, 92, 77, 67, 54, 90, 79, 65, 56, 88, 81, 63, 58, 86, 83, 61, 60, 84, 85, 59, 62, 82, 87, 57, 64, 80, 89, 55, 66, 78, 91, 53, 68, 76, 45, 36, 28, 72, 49, 51, 70, 74, 47, 34, 30, 19, 17, 32, 4, 21, 43, 38, 26, 23, 41, 40, 24, 25, 39, 42, 22, 27, 37, 44, 20, 29, 35, 46, 18, 31, 5, 11, 14, 2, 7, 9, 16, 33, 3, 13, 12, 69, 75, 6, 10, 15, 1, 8}},
73.065 ms: {93, {50, 71, 73, 48, 52, 92, 77, 67, 54, 90, 79, 65, 56, 88, 81, 63, 58, 86, 83, 61, 60, 84, 85, 59, 62, 82, 87, 57, 64, 80, 89, 55, 66, 78, 91, 53, 68, 76, 93, 51, 70, 74, 47, 34, 30, 19, 45, 36, 28, 72, 49, 32, 17, 8, 41, 40, 24, 25, 75, 69, 31, 18, 46, 35, 29, 20, 44, 37, 27, 22, 42, 39, 10, 6, 43, 38, 26, 23, 13, 12, 4, 21, 15, 1, 3, 33, 16, 9, 7, 2, 14, 11, 5}},
50.045 ms: {94, {72, 49, 51, 93, 76, 68, 53, 91, 78, 66, 55, 89, 80, 64, 57, 87, 82, 62, 59, 85, 84, 60, 61, 83, 86, 58, 63, 81, 88, 56, 65, 79, 90, 54, 67, 77, 92, 52, 69, 75, 94, 50, 71, 73, 48, 33, 31, 18, 46, 35, 29, 20, 44, 37, 27, 22, 42, 39, 25, 24, 12, 13, 36, 45, 19, 30, 70, 74, 7, 2, 14, 11, 5, 4, 32, 17, 47, 34, 15, 10, 6, 3, 1, 8, 28, 21, 43, 38, 26, 23, 41, 40, 9, 16}},
86.078 ms: {95, {72, 49, 51, 93, 76, 68, 53, 91, 78, 66, 55, 89, 80, 64, 57, 87, 82, 62, 59, 85, 84, 60, 61, 83, 86, 58, 63, 81, 88, 56, 65, 79, 90, 54, 67, 77, 92, 52, 69, 75, 94, 50, 71, 73, 48, 33, 31, 18, 46, 35, 29, 20, 44, 37, 27, 22, 42, 39, 25, 24, 40, 41, 23, 26, 38, 43, 21, 28, 8, 1, 3, 6, 10, 15, 34, 47, 17, 32, 4, 12, 13, 36, 45, 19, 30, 70, 74, 95, 5, 11, 14, 2, 7, 9, 16}},
138.124 ms: {96, {72, 49, 51, 93, 76, 68, 53, 91, 78, 66, 55, 89, 80, 64, 57, 87, 82, 62, 59, 85, 84, 60, 61, 83, 86, 58, 63, 81, 88, 56, 65, 79, 90, 54, 67, 77, 92, 52, 69, 75, 94, 50, 71, 73, 96, 48, 33, 31, 18, 46, 35, 29, 20, 44, 37, 27, 22, 42, 39, 25, 24, 40, 41, 23, 26, 38, 43, 21, 28, 8, 1, 3, 6, 10, 15, 34, 47, 17, 32, 4, 12, 13, 36, 45, 19, 30, 70, 74, 95, 5, 11, 14, 2, 7, 9, 16}},
22.02 ms: {97, {50, 94, 75, 69, 52, 92, 77, 67, 54, 90, 79, 65, 56, 88, 81, 63, 58, 86, 83, 61, 60, 84, 85, 59, 62, 82, 87, 57, 64, 80, 89, 55, 66, 78, 91, 53, 68, 76, 93, 51, 70, 74, 95, 49, 72, 97, 47, 34, 30, 19, 45, 36, 28, 21, 43, 38, 26, 23, 41, 40, 24, 25, 96, 73, 71, 29, 35, 46, 18, 31, 33, 48, 16, 20, 44, 37, 12, 13, 3, 6, 10, 39, 42, 22, 27, 9, 7, 2, 14, 11, 5, 4, 32, 17, 8, 1, 15}},
85.077 ms: {98, {50, 94, 75, 69, 52, 92, 77, 67, 54, 90, 79, 65, 56, 88, 81, 63, 58, 86, 83, 61, 60, 84, 85, 59, 62, 82, 87, 57, 64, 80, 89, 55, 66, 78, 91, 53, 68, 76, 93, 51, 70, 74, 95, 49, 72, 97, 47, 34, 30, 19, 45, 36, 28, 21, 43, 38, 26, 23, 98, 71, 73, 96, 48, 33, 31, 18, 46, 35, 29, 20, 44, 37, 12, 13, 3, 6, 10, 15, 1, 24, 40, 41, 8, 17, 32, 4, 5, 11, 25, 39, 42, 7, 2, 14, 22, 27, 9, 16}},
52.047 ms: {99, {50, 94, 75, 69, 52, 92, 77, 67, 54, 90, 79, 65, 56, 88, 81, 63, 58, 86, 83, 61, 60, 84, 85, 59, 62, 82, 87, 57, 64, 80, 89, 55, 66, 78, 91, 53, 68, 76, 93, 51, 70, 99, 97, 72, 49, 95, 74, 47, 34, 30, 19, 45, 36, 28, 21, 43, 38, 26, 23, 98, 71, 73, 96, 48, 33, 31, 18, 46, 35, 29, 20, 44, 37, 12, 13, 3, 6, 10, 15, 1, 24, 40, 41, 8, 17, 32, 4, 5, 11, 25, 39, 42, 7, 2, 14, 22, 27, 9, 16}},
61.055 ms: {100, {50, 94, 75, 69, 100, 96, 73, 71, 98, 46, 54, 90, 79, 65, 56, 88, 81, 63, 58, 86, 83, 61, 60, 84, 85, 59, 62, 82, 87, 57, 64, 80, 89, 55, 66, 78, 91, 53, 68, 76, 93, 51, 70, 99, 97, 72, 49, 95, 74, 47, 34, 30, 19, 45, 36, 28, 21, 43, 38, 26, 23, 77, 92, 52, 48, 16, 9, 27, 37, 44, 20, 29, 35, 1, 15, 10, 6, 3, 13, 12, 24, 40, 41, 8, 17, 32, 4, 5, 11, 25, 39, 42, 22, 14, 67, 33, 31, 18, 7, 2}},
49.044 ms: {101, {50, 94, 75, 69, 100, 96, 73, 71, 98, 46, 54, 90, 79, 65, 56, 88, 81, 63, 58, 86, 83, 61, 60, 84, 85, 59, 62, 82, 87, 57, 64, 80, 89, 55, 66, 78, 91, 53, 68, 101, 95, 74, 70, 99, 97, 72, 49, 51, 93, 76, 45, 36, 28, 21, 43, 38, 26, 23, 77, 92, 52, 48, 33, 67, 14, 35, 29, 20, 44, 37, 27, 22, 42, 39, 10, 15, 34, 30, 19, 6, 3, 13, 12, 4, 32, 17, 47, 2, 7, 18, 31, 5, 11, 25, 24, 1, 8, 41, 40, 9, 16}},
42.038 ms: {102, {50, 94, 102, 67, 77, 92, 52, 69, 100, 96, 73, 71, 98, 46, 75, 25, 56, 88, 81, 63, 58, 86, 83, 61, 60, 84, 85, 59, 62, 82, 87, 57, 64, 80, 89, 55, 66, 78, 91, 53, 68, 101, 95, 74, 70, 99, 97, 72, 49, 51, 93, 76, 45, 36, 28, 21, 79, 90, 54, 27, 37, 44, 20, 29, 35, 65, 16, 48, 33, 31, 18, 7, 42, 39, 10, 26, 38, 43, 6, 19, 30, 34, 15, 1, 8, 41, 23, 2, 47, 17, 32, 4, 5, 11, 14, 22, 3, 13, 12, 24, 40, 9}},
185.166 ms: {103, {50, 94, 102, 67, 77, 92, 52, 69, 100, 96, 73, 71, 98, 46, 75, 25, 56, 88, 81, 63, 58, 86, 83, 61, 60, 84, 85, 59, 62, 82, 87, 57, 64, 80, 89, 55, 66, 103, 93, 76, 68, 101, 95, 74, 70, 99, 97, 72, 49, 51, 30, 91, 78, 43, 38, 26, 23, 41, 40, 24, 12, 37, 44, 20, 29, 35, 65, 79, 90, 54, 27, 22, 42, 39, 10, 15, 21, 28, 53, 47, 34, 2, 14, 11, 5, 31, 18, 7, 9, 16, 33, 48, 1, 8, 17, 32, 4, 45, 36, 13, 3, 6, 19}},
110.099 ms: {104, {50, 94, 102, 67, 77, 92, 104, 65, 79, 90, 54, 46, 98, 71, 73, 96, 100, 69, 75, 25, 56, 88, 81, 63, 58, 86, 83, 61, 60, 84, 85, 59, 62, 82, 87, 57, 64, 80, 89, 55, 66, 103, 93, 76, 68, 101, 95, 74, 70, 99, 97, 72, 49, 51, 30, 91, 78, 43, 38, 26, 23, 41, 40, 24, 12, 52, 48, 33, 31, 18, 7, 42, 39, 10, 15, 34, 2, 47, 53, 28, 21, 4, 32, 17, 8, 1, 35, 29, 20, 16, 9, 27, 37, 44, 5, 11, 14, 22, 3, 13, 36, 45, 19, 6}},
157.141 ms: {105, {50, 94, 102, 67, 77, 92, 104, 65, 79, 90, 54, 46, 98, 71, 73, 96, 100, 69, 75, 25, 56, 88, 81, 63, 58, 86, 83, 61, 60, 84, 85, 59, 62, 82, 87, 57, 64, 105, 91, 78, 66, 103, 93, 76, 68, 101, 95, 74, 70, 99, 97, 72, 49, 51, 30, 34, 47, 53, 28, 36, 45, 55, 89, 80, 41, 40, 24, 12, 52, 48, 33, 31, 18, 7, 2, 23, 13, 3, 22, 42, 39, 10, 26, 38, 11, 14, 35, 29, 20, 16, 9, 27, 37, 44, 5, 4, 32, 17, 19, 6, 43, 21, 15, 1, 8}},
200.18 ms: {106, {50, 94, 102, 67, 77, 92, 104, 65, 79, 90, 106, 63, 81, 88, 56, 44, 100, 96, 73, 71, 98, 46, 75, 69, 52, 48, 33, 31, 18, 103, 93, 76, 68, 101, 95, 74, 70, 99, 97, 72, 49, 51, 30, 91, 105, 64, 80, 89, 55, 66, 78, 43, 57, 87, 82, 62, 59, 85, 84, 60, 61, 83, 86, 58, 42, 39, 25, 24, 40, 41, 23, 26, 38, 11, 53, 47, 34, 15, 21, 28, 36, 45, 19, 6, 10, 54, 27, 37, 12, 13, 3, 22, 14, 2, 7, 29, 35, 1, 8, 17, 32, 4, 5, 20, 16, 9}},
132.119 ms: {107, {50, 94, 102, 67, 77, 92, 104, 65, 79, 90, 106, 63, 81, 88, 56, 44, 100, 96, 73, 71, 98, 46, 75, 69, 52, 48, 33, 31, 18, 103, 93, 76, 68, 101, 95, 74, 70, 99, 97, 72, 49, 51, 30, 91, 105, 64, 80, 89, 107, 62, 82, 87, 57, 43, 78, 66, 55, 45, 36, 85, 84, 60, 61, 83, 86, 58, 42, 39, 25, 24, 40, 41, 59, 22, 27, 54, 10, 26, 38, 11, 53, 47, 34, 15, 21, 28, 8, 1, 3, 6, 19, 17, 32, 4, 5, 20, 16, 9, 7, 29, 35, 14, 2, 23, 13, 12, 37}},
21.019 ms: {108, {50, 94, 102, 67, 77, 92, 104, 65, 79, 90, 106, 63, 81, 88, 108, 61, 83, 86, 58, 42, 39, 105, 91, 78, 66, 103, 93, 76, 68, 101, 95, 74, 70, 99, 97, 72, 49, 51, 30, 34, 87, 82, 62, 107, 89, 80, 64, 57, 43, 38, 26, 55, 45, 36, 85, 84, 60, 40, 41, 59, 22, 27, 73, 96, 100, 69, 75, 46, 98, 71, 29, 52, 48, 33, 31, 18, 7, 9, 16, 20, 44, 37, 12, 24, 25, 56, 8, 1, 35, 14, 11, 5, 4, 32, 17, 19, 6, 3, 13, 23, 2, 47, 53, 28, 21, 15, 10, 54}},
120.108 ms: {109, {50, 94, 102, 67, 77, 92, 104, 65, 79, 90, 106, 63, 81, 88, 108, 61, 83, 86, 58, 42, 39, 105, 91, 78, 66, 103, 93, 76, 68, 101, 95, 74, 70, 99, 97, 72, 49, 51, 30, 34, 87, 82, 62, 107, 89, 80, 64, 57, 43, 38, 26, 55, 45, 36, 85, 84, 60, 109, 35, 46, 98, 71, 73, 96, 100, 69, 75, 25, 56, 44, 37, 27, 54, 10, 15, 21, 28, 53, 47, 17, 32, 4, 12, 52, 29, 20, 5, 11, 14, 22, 59, 41, 8, 1, 24, 40, 9, 16, 48, 33, 31, 18, 7, 2, 23, 13, 3, 6, 19}},
67.06 ms: {110, {50, 94, 102, 67, 77, 92, 104, 65, 79, 90, 106, 63, 81, 88, 108, 61, 83, 86, 110, 59, 85, 84, 60, 109, 87, 82, 62, 107, 89, 80, 64, 105, 91, 78, 66, 103, 93, 76, 68, 101, 95, 74, 70, 99, 97, 72, 49, 51, 30, 34, 47, 53, 28, 36, 45, 55, 26, 38, 43, 57, 24, 40, 41, 23, 98, 71, 73, 96, 100, 69, 75, 46, 54, 27, 37, 44, 56, 8, 1, 48, 52, 12, 13, 3, 22, 42, 58, 6, 19, 17, 32, 4, 21, 15, 10, 39, 25, 11, 5, 20, 29, 35, 14, 2, 7, 18, 31, 33, 16, 9}},
0 ms: {111, {50, 94, 102, 67, 77, 92, 104, 65, 79, 90, 106, 63, 81, 88, 108, 61, 83, 86, 110, 59, 85, 111, 58, 42, 39, 105, 91, 78, 66, 103, 93, 76, 68, 101, 95, 74, 70, 99, 97, 72, 49, 51, 30, 34, 87, 109, 60, 84, 37, 107, 89, 80, 64, 57, 43, 38, 62, 82, 18, 46, 98, 71, 73, 96, 100, 69, 75, 25, 56, 44, 20, 29, 52, 48, 33, 31, 5, 11, 53, 47, 17, 32, 4, 21, 15, 10, 54, 27, 22, 3, 6, 19, 45, 55, 26, 23, 41, 40, 24, 12, 13, 36, 28, 8, 1, 35, 14, 2, 7, 9, 16}},
35.031 ms: {112, {50, 94, 102, 67, 77, 92, 104, 65, 79, 90, 106, 63, 81, 88, 108, 61, 83, 86, 110, 59, 85, 111, 58, 42, 39, 105, 91, 78, 66, 103, 93, 76, 68, 101, 95, 74, 70, 99, 97, 72, 49, 51, 30, 34, 87, 109, 60, 84, 112, 57, 64, 80, 89, 107, 62, 82, 18, 46, 98, 71, 73, 96, 100, 69, 75, 25, 56, 44, 37, 27, 54, 10, 26, 55, 45, 36, 28, 53, 47, 2, 23, 13, 3, 22, 14, 35, 29, 7, 9, 16, 20, 5, 31, 33, 48, 52, 12, 24, 40, 41, 8, 1, 15, 21, 4, 32, 17, 19, 6, 43, 38, 11}},
57.052 ms: {113, {50, 94, 102, 67, 77, 92, 104, 65, 79, 90, 106, 63, 81, 88, 108, 61, 83, 113, 112, 84, 85, 111, 58, 86, 110, 59, 62, 107, 89, 80, 64, 105, 91, 78, 66, 103, 93, 76, 68, 101, 95, 74, 70, 99, 97, 72, 49, 51, 30, 34, 87, 109, 60, 40, 41, 23, 98, 71, 73, 96, 100, 69, 75, 46, 54, 27, 37, 44, 56, 25, 39, 82, 18, 31, 33, 48, 52, 29, 35, 14, 22, 42, 7, 57, 43, 38, 26, 10, 15, 21, 28, 8, 1, 24, 12, 4, 32, 17, 19, 6, 3, 13, 36, 45, 55, 9, 16, 20, 5, 11, 53, 47, 2}},
34.031 ms: {114, {50, 94, 102, 67, 77, 92, 104, 65, 79, 90, 106, 63, 81, 88, 108, 61, 83, 113, 112, 84, 85, 111, 114, 82, 87, 109, 60, 40, 41, 103, 93, 76, 68, 101, 95, 74, 70, 99, 97, 72, 49, 51, 30, 91, 105, 64, 80, 89, 107, 62, 59, 110, 86, 58, 42, 39, 25, 96, 100, 69, 75, 46, 98, 71, 73, 48, 52, 29, 35, 14, 22, 78, 66, 55, 45, 36, 28, 53, 47, 34, 15, 21, 43, 57, 24, 1, 8, 56, 44, 37, 27, 54, 10, 26, 38, 11, 5, 20, 16, 9, 7, 18, 31, 33, 3, 6, 19, 17, 32, 4, 12, 13, 23, 2}},
33.03 ms: {115, {50, 94, 102, 67, 77, 92, 104, 65, 79, 90, 106, 63, 81, 115, 110, 86, 83, 113, 112, 84, 85, 111, 114, 82, 87, 109, 60, 61, 108, 88, 56, 44, 100, 96, 73, 71, 98, 46, 75, 69, 52, 48, 33, 31, 18, 103, 93, 76, 68, 101, 95, 74, 70, 99, 97, 72, 49, 51, 30, 91, 105, 64, 80, 89, 107, 62, 59, 41, 40, 24, 57, 43, 78, 66, 55, 45, 36, 13, 12, 37, 27, 54, 10, 39, 25, 11, 53, 47, 34, 15, 21, 28, 8, 1, 3, 22, 42, 58, 6, 19, 17, 32, 4, 5, 20, 16, 9, 7, 29, 35, 14, 2, 23, 26, 38}},
24.022 ms: {116, {50, 94, 102, 67, 77, 92, 104, 65, 79, 90, 106, 63, 81, 115, 110, 86, 83, 113, 112, 84, 85, 111, 114, 82, 87, 109, 116, 80, 89, 107, 62, 59, 41, 103, 93, 76, 68, 101, 95, 74, 70, 99, 97, 72, 49, 51, 30, 91, 105, 64, 57, 43, 78, 66, 55, 45, 36, 108, 88, 56, 44, 100, 96, 73, 71, 98, 46, 75, 69, 52, 48, 33, 31, 18, 7, 42, 58, 23, 26, 38, 11, 53, 47, 2, 34, 15, 21, 28, 8, 1, 24, 25, 39, 61, 60, 40, 9, 16, 20, 29, 35, 14, 22, 3, 13, 12, 37, 27, 54, 10, 6, 19, 17, 32, 4, 5}},
0 ms: {117, {50, 94, 102, 67, 77, 92, 104, 65, 79, 117, 108, 88, 81, 115, 110, 86, 83, 113, 112, 84, 85, 111, 114, 82, 87, 109, 116, 80, 89, 107, 62, 59, 41, 103, 93, 76, 68, 101, 95, 74, 70, 99, 97, 72, 49, 51, 30, 91, 105, 64, 57, 43, 78, 66, 55, 45, 36, 28, 53, 47, 34, 15, 106, 90, 54, 46, 98, 71, 73, 96, 100, 69, 75, 25, 56, 44, 37, 63, 58, 42, 39, 61, 60, 21, 4, 32, 17, 19, 6, 10, 26, 38, 11, 14, 35, 29, 52, 48, 33, 16, 20, 5, 31, 18, 7, 2, 23, 13, 12, 24, 40, 9, 27, 22, 3, 1, 8}},
0 ms: {118, {50, 94, 102, 67, 77, 92, 104, 65, 79, 117, 108, 88, 81, 115, 110, 86, 83, 113, 112, 84, 85, 111, 114, 82, 87, 109, 116, 80, 89, 107, 118, 78, 91, 105, 64, 57, 43, 101, 95, 74, 70, 99, 97, 72, 49, 51, 93, 103, 66, 55, 45, 76, 68, 53, 47, 34, 30, 19, 62, 59, 41, 40, 60, 61, 39, 42, 58, 63, 106, 90, 54, 46, 98, 71, 73, 96, 100, 69, 75, 25, 56, 44, 37, 27, 22, 14, 35, 29, 52, 48, 1, 24, 12, 13, 36, 28, 8, 17, 32, 4, 21, 15, 10, 6, 3, 33, 31, 18, 7, 9, 16, 20, 5, 11, 38, 26, 23, 2}},
1.001 ms: {119, {72, 97, 99, 70, 74, 95, 101, 68, 76, 93, 103, 66, 78, 118, 107, 89, 80, 116, 109, 87, 82, 114, 111, 85, 84, 112, 113, 83, 86, 110, 115, 81, 88, 108, 117, 79, 90, 106, 119, 50, 94, 102, 67, 77, 92, 104, 65, 56, 44, 100, 96, 73, 71, 98, 46, 75, 69, 52, 48, 33, 31, 18, 63, 58, 42, 39, 105, 91, 53, 47, 34, 30, 51, 49, 32, 17, 64, 57, 43, 38, 62, 59, 41, 40, 60, 61, 20, 29, 35, 14, 22, 3, 13, 36, 28, 8, 1, 15, 21, 4, 5, 11, 25, 24, 12, 37, 27, 54, 10, 6, 19, 45, 55, 26, 23, 2, 7, 9, 16}},
0 ms: {120, {72, 97, 99, 70, 74, 95, 101, 68, 76, 120, 105, 91, 78, 118, 107, 89, 80, 116, 109, 87, 82, 114, 111, 85, 84, 112, 113, 83, 86, 110, 115, 81, 88, 108, 117, 79, 90, 106, 119, 50, 94, 102, 67, 77, 92, 104, 65, 56, 44, 100, 96, 73, 71, 98, 46, 75, 69, 52, 48, 33, 31, 18, 103, 93, 51, 49, 32, 17, 64, 57, 43, 38, 62, 59, 41, 40, 60, 61, 39, 42, 58, 63, 37, 27, 54, 10, 26, 55, 66, 34, 47, 53, 28, 36, 45, 19, 30, 6, 3, 22, 14, 35, 29, 20, 16, 9, 7, 2, 23, 13, 12, 24, 25, 11, 5, 4, 21, 15, 1, 8}},
1.001 ms: {121, {72, 97, 99, 70, 74, 95, 101, 68, 76, 120, 105, 91, 78, 118, 107, 89, 80, 116, 109, 87, 82, 114, 111, 85, 84, 112, 113, 83, 86, 110, 115, 81, 88, 108, 117, 79, 90, 106, 119, 50, 94, 102, 67, 77, 92, 104, 121, 75, 69, 100, 96, 73, 71, 98, 46, 54, 27, 37, 63, 58, 42, 39, 61, 60, 40, 41, 103, 93, 51, 49, 32, 17, 64, 57, 43, 38, 62, 59, 22, 14, 35, 65, 56, 44, 20, 29, 52, 48, 33, 31, 18, 7, 2, 23, 26, 10, 15, 21, 4, 5, 11, 25, 24, 12, 13, 36, 45, 19, 30, 6, 3, 1, 8, 28, 53, 47, 34, 66, 55, 9, 16}},
22.02 ms: {122, {72, 97, 99, 70, 74, 122, 103, 93, 76, 120, 105, 91, 78, 118, 107, 89, 80, 116, 109, 87, 82, 114, 111, 85, 84, 112, 113, 83, 86, 110, 115, 81, 88, 108, 117, 79, 90, 106, 119, 50, 94, 102, 67, 77, 92, 104, 121, 75, 69, 100, 96, 73, 71, 98, 46, 54, 27, 37, 63, 58, 42, 39, 61, 60, 40, 41, 59, 62, 38, 43, 101, 95, 49, 51, 30, 34, 66, 55, 45, 36, 64, 57, 24, 25, 56, 65, 35, 29, 52, 48, 33, 31, 18, 7, 9, 16, 20, 44, 5, 11, 53, 68, 32, 4, 12, 13, 23, 26, 10, 15, 21, 28, 8, 1, 3, 22, 14, 2, 47, 17, 19, 6}},
23.021 ms: {123, {72, 97, 99, 70, 74, 122, 103, 93, 76, 120, 105, 91, 78, 118, 107, 89, 80, 116, 109, 87, 82, 114, 111, 85, 84, 112, 113, 83, 86, 110, 115, 81, 88, 108, 117, 79, 90, 106, 119, 50, 94, 102, 123, 73, 96, 100, 69, 75, 121, 104, 92, 77, 67, 54, 46, 98, 71, 29, 52, 48, 33, 31, 18, 63, 58, 42, 39, 61, 60, 40, 41, 59, 62, 38, 43, 101, 95, 49, 51, 30, 34, 66, 55, 45, 36, 64, 57, 24, 25, 56, 65, 35, 14, 22, 27, 37, 44, 20, 16, 9, 7, 2, 47, 53, 68, 32, 17, 19, 6, 3, 1, 8, 28, 21, 15, 10, 26, 23, 13, 12, 4, 5, 11}},
23.021 ms: {124, {98, 71, 50, 119, 106, 90, 79, 117, 108, 88, 81, 115, 110, 86, 83, 113, 112, 84, 85, 111, 114, 82, 87, 109, 116, 80, 89, 107, 118, 78, 91, 105, 120, 76, 93, 103, 122, 74, 95, 101, 124, 72, 97, 99, 70, 51, 49, 32, 68, 53, 47, 34, 66, 55, 45, 36, 64, 57, 43, 38, 62, 59, 41, 40, 104, 121, 75, 94, 102, 123, 73, 96, 100, 69, 52, 92, 77, 67, 54, 46, 18, 63, 58, 42, 39, 61, 60, 21, 28, 8, 56, 65, 35, 29, 20, 44, 37, 27, 22, 14, 11, 25, 24, 1, 15, 10, 26, 23, 2, 7, 9, 16, 48, 33, 31, 5, 4, 12, 13, 3, 6, 30, 19, 17}},
24.022 ms: {125, {98, 71, 125, 100, 96, 73, 123, 102, 94, 50, 119, 106, 90, 79, 117, 108, 88, 81, 115, 110, 86, 83, 113, 112, 84, 85, 111, 114, 82, 87, 109, 116, 80, 89, 107, 118, 78, 91, 105, 120, 76, 93, 103, 122, 74, 95, 101, 124, 72, 97, 99, 70, 51, 49, 32, 68, 53, 47, 34, 66, 55, 45, 36, 64, 57, 43, 38, 62, 59, 41, 40, 104, 121, 75, 69, 52, 92, 77, 67, 54, 46, 18, 63, 58, 42, 39, 61, 60, 21, 28, 8, 56, 65, 35, 29, 20, 44, 37, 27, 22, 14, 11, 25, 24, 1, 15, 10, 26, 23, 2, 7, 9, 16, 48, 33, 31, 5, 4, 12, 13, 3, 6, 30, 19, 17}},
93.084 ms: {126, {98, 71, 125, 100, 96, 73, 123, 102, 94, 50, 119, 106, 90, 79, 117, 108, 88, 81, 115, 110, 86, 83, 113, 112, 84, 85, 111, 114, 82, 87, 109, 116, 80, 89, 107, 118, 78, 91, 105, 120, 76, 93, 103, 122, 74, 95, 101, 124, 72, 97, 99, 126, 70, 51, 49, 32, 68, 53, 47, 34, 66, 55, 45, 36, 64, 57, 43, 38, 62, 59, 41, 40, 104, 121, 75, 69, 52, 92, 77, 67, 54, 46, 35, 65, 56, 44, 37, 63, 58, 42, 39, 61, 60, 21, 28, 8, 17, 19, 30, 6, 3, 22, 27, 9, 16, 48, 33, 31, 18, 7, 29, 20, 5, 4, 12, 13, 23, 26, 10, 15, 1, 24, 25, 11, 14, 2}},
69.062 ms: {127, {121, 104, 92, 77, 119, 106, 90, 79, 117, 108, 88, 81, 115, 110, 86, 83, 113, 112, 84, 85, 111, 114, 82, 87, 109, 116, 80, 89, 107, 118, 78, 91, 105, 120, 76, 93, 103, 122, 74, 95, 101, 124, 72, 97, 99, 126, 70, 51, 49, 32, 68, 53, 47, 34, 66, 55, 45, 36, 64, 57, 43, 38, 62, 59, 41, 40, 60, 61, 39, 42, 127, 98, 71, 125, 100, 96, 73, 123, 102, 94, 50, 31, 69, 75, 46, 54, 67, 33, 48, 52, 29, 35, 65, 56, 44, 37, 63, 58, 6, 30, 19, 17, 8, 28, 21, 15, 10, 26, 23, 13, 12, 4, 5, 20, 16, 9, 27, 22, 3, 1, 24, 25, 11, 14, 2, 7, 18}},
748.633 ms: {128, {121, 104, 92, 77, 119, 106, 90, 79, 117, 108, 88, 81, 115, 110, 86, 83, 113, 112, 84, 85, 111, 114, 82, 87, 109, 116, 80, 89, 107, 118, 78, 91, 105, 120, 76, 93, 103, 122, 74, 95, 101, 124, 72, 97, 128, 68, 53, 47, 34, 66, 55, 45, 99, 126, 70, 51, 49, 32, 17, 127, 98, 71, 125, 100, 96, 73, 123, 102, 94, 50, 31, 69, 75, 46, 54, 67, 33, 48, 52, 29, 35, 65, 56, 44, 37, 63, 58, 42, 39, 61, 60, 40, 41, 59, 62, 19, 30, 6, 43, 38, 26, 10, 15, 21, 28, 8, 1, 3, 22, 27, 9, 16, 20, 5, 4, 12, 24, 25, 11, 14, 2, 23, 13, 36, 64, 57, 7, 18}},
0 ms: {129, {121, 104, 92, 77, 119, 106, 90, 79, 117, 108, 88, 81, 115, 110, 86, 83, 113, 112, 84, 85, 111, 114, 82, 87, 109, 116, 80, 89, 107, 118, 78, 91, 105, 120, 76, 93, 103, 122, 74, 95, 101, 124, 72, 97, 128, 68, 53, 47, 34, 66, 55, 45, 99, 126, 70, 51, 49, 32, 17, 127, 129, 96, 100, 125, 71, 98, 46, 123, 102, 94, 50, 31, 69, 75, 25, 56, 65, 35, 29, 52, 48, 73, 27, 54, 67, 33, 16, 20, 61, 60, 40, 41, 59, 22, 3, 13, 36, 64, 57, 43, 6, 30, 19, 62, 2, 14, 11, 38, 26, 23, 58, 42, 39, 10, 15, 21, 28, 8, 1, 24, 12, 4, 5, 44, 37, 63, 18, 7, 9}},
88.075 ms: {130, {121, 104, 92, 77, 119, 106, 90, 79, 117, 108, 88, 81, 115, 110, 86, 83, 113, 112, 84, 85, 111, 114, 82, 87, 109, 116, 80, 89, 107, 118, 78, 91, 105, 120, 76, 93, 103, 122, 74, 95, 130, 126, 99, 97, 128, 68, 101, 124, 72, 49, 51, 70, 30, 34, 66, 55, 45, 36, 64, 57, 43, 38, 62, 59, 41, 40, 129, 127, 98, 71, 125, 100, 96, 73, 123, 102, 94, 50, 31, 69, 75, 46, 54, 67, 33, 48, 52, 29, 35, 65, 56, 44, 37, 63, 58, 42, 39, 61, 60, 21, 15, 10, 26, 23, 13, 12, 24, 25, 11, 14, 22, 27, 9, 16, 20, 5, 4, 32, 17, 19, 6, 3, 1, 8, 28, 53, 47, 2, 7, 18}},
38.032 ms: {131, {121, 104, 92, 77, 119, 106, 90, 79, 117, 108, 88, 81, 115, 110, 86, 83, 113, 112, 84, 85, 111, 114, 82, 87, 109, 116, 80, 89, 107, 118, 78, 91, 105, 120, 76, 93, 103, 122, 74, 95, 130, 126, 99, 97, 128, 68, 101, 124, 72, 49, 51, 70, 30, 34, 66, 55, 45, 36, 64, 57, 43, 38, 131, 125, 100, 96, 129, 127, 98, 71, 50, 94, 102, 123, 73, 48, 52, 69, 75, 46, 54, 67, 33, 31, 18, 63, 58, 42, 39, 61, 60, 40, 41, 59, 62, 19, 17, 32, 4, 21, 28, 53, 47, 2, 23, 26, 10, 15, 1, 8, 56, 65, 35, 29, 7, 9, 16, 20, 5, 44, 37, 27, 22, 14, 11, 25, 24, 12, 13, 3, 6}},
73.065 ms: {132, {121, 104, 92, 77, 119, 106, 90, 79, 117, 108, 88, 81, 115, 110, 86, 83, 113, 112, 84, 85, 111, 114, 82, 87, 109, 116, 80, 89, 107, 118, 78, 91, 105, 120, 76, 93, 132, 124, 101, 95, 130, 126, 99, 97, 128, 68, 53, 47, 122, 103, 66, 55, 45, 36, 64, 57, 43, 38, 131, 125, 100, 96, 129, 127, 98, 71, 50, 94, 102, 123, 73, 48, 52, 69, 75, 46, 54, 67, 33, 31, 18, 63, 58, 42, 39, 61, 60, 40, 41, 59, 62, 19, 30, 70, 74, 26, 23, 13, 51, 49, 72, 28, 21, 15, 34, 2, 14, 35, 65, 16, 9, 7, 29, 20, 44, 56, 25, 11, 5, 4, 32, 17, 8, 1, 24, 12, 37, 27, 22, 3, 6, 10}},
25.023 ms: {133, {121, 104, 92, 133, 123, 102, 94, 131, 125, 100, 96, 129, 127, 98, 71, 50, 119, 106, 90, 79, 117, 108, 88, 81, 115, 110, 86, 83, 113, 112, 84, 85, 111, 114, 82, 87, 109, 116, 80, 89, 107, 118, 78, 91, 105, 120, 76, 93, 132, 124, 101, 95, 130, 126, 99, 97, 128, 68, 53, 47, 122, 103, 66, 55, 45, 36, 64, 57, 43, 38, 62, 59, 41, 40, 60, 61, 39, 42, 58, 63, 37, 44, 77, 67, 54, 46, 75, 69, 52, 48, 73, 27, 22, 14, 35, 65, 56, 25, 24, 12, 13, 51, 70, 74, 26, 23, 2, 34, 30, 19, 17, 32, 49, 72, 9, 16, 20, 29, 7, 18, 31, 33, 3, 6, 10, 15, 1, 8, 28, 21, 4, 5, 11}},
1080.93 ms: {134, {121, 104, 92, 133, 123, 102, 94, 131, 125, 100, 96, 129, 127, 98, 71, 50, 119, 106, 90, 79, 117, 108, 88, 81, 115, 110, 86, 83, 113, 112, 84, 85, 111, 114, 82, 87, 109, 116, 80, 89, 107, 118, 78, 91, 134, 122, 103, 93, 132, 124, 101, 95, 130, 126, 99, 97, 128, 68, 76, 120, 105, 64, 57, 43, 38, 62, 59, 41, 40, 60, 61, 39, 42, 58, 63, 37, 44, 77, 67, 54, 46, 75, 69, 52, 48, 73, 27, 22, 14, 35, 65, 56, 25, 24, 12, 13, 51, 70, 74, 47, 53, 28, 36, 45, 55, 9, 72, 49, 32, 4, 21, 15, 66, 34, 2, 23, 26, 10, 6, 30, 19, 17, 8, 1, 3, 33, 16, 20, 29, 7, 18, 31, 5, 11}},
1245.04 ms: {135, {128, 97, 72, 124, 132, 93, 103, 122, 134, 91, 105, 120, 76, 68, 101, 95, 130, 126, 99, 70, 74, 47, 53, 116, 109, 87, 82, 114, 111, 85, 84, 112, 113, 83, 86, 110, 115, 81, 88, 108, 117, 79, 90, 135, 121, 104, 92, 133, 123, 102, 94, 131, 125, 100, 96, 129, 127, 98, 71, 50, 119, 106, 63, 58, 42, 39, 61, 60, 40, 41, 80, 89, 107, 118, 78, 66, 55, 45, 36, 64, 57, 43, 38, 62, 59, 22, 27, 73, 48, 52, 69, 75, 46, 54, 67, 77, 44, 56, 65, 35, 29, 20, 5, 31, 18, 7, 9, 16, 33, 3, 13, 51, 49, 32, 17, 19, 6, 30, 34, 15, 10, 26, 23, 2, 14, 11, 25, 24, 1, 8, 28, 21, 4, 12, 37}},
510.429 ms: {136, {128, 97, 72, 124, 132, 93, 103, 122, 134, 91, 105, 120, 136, 89, 107, 118, 78, 66, 130, 126, 99, 70, 74, 95, 101, 68, 76, 45, 55, 114, 111, 85, 84, 112, 113, 83, 86, 110, 115, 81, 88, 108, 117, 79, 90, 135, 121, 104, 92, 133, 123, 102, 94, 131, 125, 100, 96, 129, 127, 98, 71, 50, 119, 106, 63, 58, 42, 39, 82, 87, 109, 116, 80, 64, 57, 43, 38, 62, 59, 41, 40, 60, 61, 20, 44, 77, 67, 54, 46, 75, 69, 52, 48, 73, 27, 37, 12, 24, 25, 56, 65, 35, 29, 7, 18, 31, 5, 11, 53, 47, 34, 30, 51, 13, 36, 28, 21, 4, 32, 49, 15, 1, 8, 17, 19, 6, 10, 26, 23, 2, 14, 22, 3, 33, 16, 9}},
0 ms: {137, {128, 97, 72, 124, 132, 93, 103, 122, 134, 91, 105, 120, 136, 89, 107, 118, 78, 66, 130, 126, 99, 70, 74, 95, 101, 68, 76, 45, 55, 114, 111, 85, 84, 112, 113, 83, 86, 110, 115, 81, 88, 137, 119, 106, 90, 135, 121, 104, 92, 133, 123, 102, 94, 131, 125, 100, 96, 129, 127, 98, 71, 50, 31, 69, 75, 46, 54, 67, 77, 44, 56, 65, 79, 117, 108, 61, 60, 109, 116, 80, 64, 57, 87, 82, 62, 59, 41, 40, 24, 25, 39, 42, 58, 63, 37, 27, 73, 48, 52, 29, 20, 5, 11, 53, 47, 34, 2, 23, 26, 38, 43, 21, 4, 12, 13, 36, 28, 8, 17, 32, 49, 51, 30, 19, 6, 10, 15, 1, 35, 14, 22, 3, 33, 16, 9, 7, 18}},
1662.45 ms: {138, {128, 97, 72, 124, 132, 93, 103, 122, 134, 91, 105, 120, 136, 89, 107, 118, 138, 87, 109, 116, 80, 64, 57, 112, 113, 83, 86, 110, 115, 81, 88, 137, 119, 106, 90, 135, 121, 104, 92, 133, 123, 102, 94, 131, 125, 100, 96, 129, 127, 98, 71, 50, 31, 69, 75, 46, 54, 67, 77, 44, 56, 65, 79, 117, 108, 61, 60, 84, 85, 111, 114, 82, 62, 59, 41, 40, 24, 76, 68, 101, 95, 130, 126, 99, 70, 74, 47, 53, 28, 36, 45, 55, 66, 78, 43, 38, 26, 23, 58, 63, 37, 27, 73, 48, 52, 12, 13, 51, 49, 32, 17, 8, 1, 35, 29, 20, 5, 4, 21, 15, 10, 6, 19, 30, 34, 2, 14, 11, 25, 39, 42, 22, 3, 33, 16, 9, 7, 18}},
0 ms: {139, {128, 97, 72, 124, 132, 93, 103, 122, 134, 91, 105, 120, 136, 89, 107, 118, 138, 87, 109, 116, 80, 64, 57, 139, 117, 108, 88, 137, 119, 106, 90, 135, 121, 104, 92, 133, 123, 102, 94, 131, 125, 100, 96, 129, 127, 98, 71, 50, 31, 113, 112, 84, 85, 111, 114, 82, 62, 59, 110, 115, 81, 63, 58, 86, 83, 61, 60, 40, 41, 23, 77, 67, 54, 46, 75, 69, 52, 48, 73, 27, 37, 44, 56, 65, 79, 42, 39, 130, 126, 99, 70, 74, 95, 101, 68, 76, 45, 55, 66, 78, 43, 38, 26, 10, 15, 21, 4, 32, 49, 51, 30, 6, 19, 17, 8, 1, 35, 29, 20, 5, 11, 25, 24, 12, 13, 36, 28, 53, 47, 34, 2, 14, 22, 3, 33, 16, 9, 7, 18}},
0 ms: {140, {128, 97, 72, 124, 132, 93, 103, 122, 134, 91, 105, 120, 136, 89, 107, 118, 138, 87, 109, 116, 80, 64, 57, 139, 117, 108, 88, 137, 119, 106, 90, 135, 121, 104, 92, 133, 123, 102, 94, 131, 125, 100, 96, 129, 127, 98, 71, 50, 31, 113, 112, 84, 85, 140, 56, 65, 79, 42, 58, 111, 114, 82, 62, 59, 110, 115, 81, 63, 37, 44, 77, 67, 54, 46, 75, 69, 52, 48, 73, 27, 22, 99, 126, 130, 95, 101, 68, 76, 45, 55, 66, 78, 43, 38, 83, 86, 35, 29, 20, 61, 60, 40, 41, 23, 26, 74, 70, 51, 30, 19, 6, 10, 39, 25, 24, 12, 13, 36, 28, 53, 47, 34, 2, 14, 11, 5, 4, 21, 15, 49, 32, 17, 8, 1, 3, 33, 16, 9, 7, 18}},
0 ms: {141, {128, 97, 72, 124, 132, 93, 103, 122, 134, 91, 105, 120, 136, 89, 107, 118, 138, 87, 109, 116, 140, 85, 111, 114, 82, 62, 59, 137, 119, 106, 90, 135, 121, 104, 92, 133, 123, 102, 94, 131, 125, 100, 96, 129, 127, 98, 71, 50, 31, 113, 112, 84, 141, 115, 110, 86, 139, 117, 108, 88, 81, 63, 58, 42, 79, 65, 56, 44, 77, 67, 54, 46, 75, 69, 52, 48, 73, 27, 37, 12, 24, 76, 68, 101, 95, 130, 126, 99, 70, 74, 47, 53, 28, 36, 64, 80, 41, 40, 60, 61, 83, 38, 26, 55, 9, 16, 33, 3, 78, 22, 14, 11, 25, 39, 10, 6, 30, 19, 45, 4, 5, 20, 29, 35, 1, 8, 17, 32, 49, 51, 13, 23, 2, 34, 66, 15, 21, 43, 57, 7, 18}},
51.044 ms: {142, {128, 97, 72, 124, 132, 93, 103, 122, 134, 91, 105, 120, 136, 89, 107, 118, 138, 87, 109, 116, 140, 85, 111, 114, 142, 83, 113, 112, 84, 141, 115, 110, 86, 139, 117, 108, 88, 137, 119, 106, 90, 135, 121, 104, 92, 133, 123, 102, 94, 131, 125, 100, 96, 129, 127, 98, 71, 50, 31, 69, 75, 46, 54, 67, 77, 44, 56, 65, 79, 42, 58, 63, 81, 40, 60, 61, 39, 130, 126, 99, 70, 74, 95, 101, 68, 76, 45, 55, 66, 78, 43, 57, 64, 80, 41, 59, 62, 82, 18, 7, 29, 52, 48, 73, 8, 17, 32, 49, 51, 30, 19, 6, 10, 15, 21, 4, 5, 20, 16, 33, 3, 22, 14, 35, 1, 24, 25, 11, 38, 26, 23, 2, 34, 47, 53, 28, 36, 13, 12, 37, 27, 9}},
141.127 ms: {143, {128, 97, 72, 124, 132, 93, 103, 122, 134, 91, 105, 120, 136, 89, 107, 118, 138, 87, 109, 116, 140, 85, 111, 114, 142, 83, 113, 143, 82, 62, 59, 137, 119, 106, 90, 135, 121, 104, 92, 133, 123, 102, 94, 131, 125, 100, 96, 129, 127, 98, 71, 50, 31, 69, 75, 46, 54, 115, 141, 84, 112, 57, 139, 117, 108, 88, 81, 63, 58, 86, 110, 34, 66, 130, 126, 99, 70, 74, 95, 101, 68, 76, 45, 55, 26, 38, 43, 78, 22, 42, 79, 65, 56, 44, 77, 67, 33, 48, 73, 27, 37, 12, 52, 29, 35, 14, 11, 53, 47, 17, 64, 80, 41, 40, 9, 16, 20, 5, 4, 32, 49, 51, 30, 19, 6, 3, 61, 60, 21, 15, 10, 39, 25, 24, 1, 8, 28, 36, 13, 23, 2, 7, 18}},
161.142 ms: {144, {128, 97, 72, 124, 132, 93, 103, 122, 134, 91, 105, 120, 136, 89, 107, 118, 138, 87, 109, 116, 140, 85, 111, 114, 142, 83, 113, 143, 82, 62, 59, 137, 119, 106, 90, 135, 121, 104, 92, 133, 123, 102, 94, 131, 125, 100, 96, 129, 127, 98, 71, 50, 31, 69, 75, 46, 54, 115, 141, 84, 112, 144, 81, 88, 108, 117, 139, 86, 110, 34, 66, 130, 126, 99, 70, 74, 95, 101, 68, 76, 45, 55, 26, 38, 43, 78, 22, 42, 79, 65, 56, 44, 77, 67, 33, 48, 73, 27, 37, 63, 58, 23, 41, 80, 64, 57, 24, 40, 60, 61, 39, 25, 11, 53, 47, 2, 14, 35, 29, 52, 12, 13, 36, 28, 21, 15, 10, 6, 3, 1, 8, 17, 19, 30, 51, 49, 32, 4, 5, 20, 16, 9, 7, 18}},
0 ms: {145, {128, 97, 72, 124, 132, 93, 103, 122, 134, 91, 105, 120, 136, 89, 107, 118, 138, 87, 109, 116, 140, 85, 111, 114, 142, 83, 113, 143, 82, 62, 59, 137, 119, 106, 90, 135, 121, 104, 92, 133, 123, 102, 94, 131, 125, 100, 96, 129, 127, 98, 71, 50, 31, 69, 75, 46, 54, 115, 141, 84, 112, 144, 145, 80, 64, 57, 139, 117, 108, 88, 81, 63, 58, 86, 110, 34, 66, 130, 126, 99, 70, 74, 95, 101, 68, 76, 45, 55, 26, 38, 43, 78, 22, 42, 79, 65, 56, 44, 77, 67, 33, 48, 73, 27, 37, 12, 52, 29, 35, 14, 11, 53, 47, 17, 32, 49, 51, 30, 19, 6, 10, 39, 25, 24, 40, 9, 16, 20, 5, 4, 60, 61, 3, 13, 36, 28, 21, 15, 1, 8, 41, 23, 2, 7, 18}},
27841.3 ms: {146, {128, 97, 72, 124, 132, 93, 103, 122, 134, 91, 105, 120, 136, 89, 107, 118, 138, 87, 109, 116, 140, 85, 111, 145, 144, 112, 113, 143, 146, 110, 115, 141, 84, 60, 61, 135, 121, 104, 92, 133, 123, 102, 94, 131, 125, 100, 96, 129, 127, 98, 71, 73, 48, 52, 117, 139, 86, 83, 142, 114, 82, 62, 59, 137, 119, 106, 90, 79, 65, 56, 88, 108, 36, 64, 80, 41, 40, 81, 63, 58, 42, 39, 130, 126, 99, 70, 74, 95, 101, 68, 76, 45, 55, 66, 78, 43, 57, 24, 25, 75, 69, 31, 50, 14, 67, 77, 44, 37, 27, 54, 10, 6, 30, 19, 17, 32, 49, 51, 13, 12, 4, 21, 15, 1, 8, 28, 53, 47, 34, 2, 23, 26, 38, 11, 5, 20, 29, 35, 46, 18, 7, 9, 16, 33, 3, 22}},
1751.5 ms: {147, {128, 97, 72, 124, 132, 93, 103, 122, 134, 91, 105, 120, 136, 89, 107, 118, 138, 87, 109, 147, 142, 114, 111, 145, 144, 112, 113, 143, 146, 110, 115, 141, 84, 85, 140, 116, 80, 64, 57, 139, 117, 108, 88, 137, 119, 106, 90, 135, 121, 104, 92, 133, 123, 102, 94, 131, 125, 100, 96, 129, 127, 98, 71, 73, 48, 52, 69, 75, 46, 54, 67, 77, 44, 56, 65, 79, 42, 58, 86, 83, 61, 60, 40, 81, 63, 37, 27, 22, 99, 126, 130, 95, 101, 68, 76, 45, 55, 66, 78, 43, 38, 62, 82, 39, 25, 24, 12, 13, 51, 70, 74, 47, 53, 11, 14, 50, 31, 18, 7, 9, 16, 33, 3, 6, 10, 26, 23, 2, 34, 30, 19, 17, 8, 41, 59, 5, 20, 29, 35, 1, 15, 49, 32, 4, 21, 28, 36}},
2212.99 ms: {148, {128, 97, 72, 124, 132, 93, 103, 122, 134, 91, 105, 120, 136, 89, 107, 118, 138, 87, 109, 147, 142, 114, 111, 145, 144, 112, 113, 143, 146, 110, 115, 141, 148, 108, 117, 139, 86, 83, 61, 135, 121, 104, 92, 133, 123, 102, 94, 131, 125, 100, 96, 129, 127, 98, 71, 73, 48, 52, 69, 75, 46, 54, 90, 106, 119, 137, 88, 81, 63, 58, 42, 79, 65, 56, 140, 116, 80, 64, 57, 43, 126, 130, 95, 101, 68, 76, 45, 99, 70, 74, 47, 53, 28, 36, 85, 84, 60, 40, 41, 59, 62, 82, 39, 25, 24, 12, 37, 44, 77, 67, 33, 31, 50, 14, 35, 1, 8, 17, 32, 49, 51, 30, 19, 6, 10, 15, 21, 4, 5, 11, 38, 26, 55, 66, 34, 2, 23, 13, 3, 78, 22, 27, 9, 16, 20, 29, 7, 18}},
1814.63 ms: {149, {128, 97, 72, 124, 132, 93, 103, 122, 134, 91, 105, 120, 136, 89, 107, 149, 140, 116, 109, 147, 142, 114, 111, 145, 144, 112, 113, 143, 146, 110, 115, 141, 148, 108, 117, 139, 86, 83, 61, 135, 121, 104, 92, 133, 123, 102, 94, 131, 125, 100, 96, 129, 127, 98, 71, 73, 48, 52, 69, 75, 46, 54, 90, 106, 119, 137, 88, 81, 63, 58, 138, 118, 78, 66, 130, 126, 99, 70, 74, 95, 101, 68, 76, 45, 55, 26, 38, 62, 82, 87, 57, 64, 80, 41, 59, 85, 84, 60, 40, 24, 25, 56, 65, 79, 42, 39, 10, 15, 49, 51, 30, 34, 47, 53, 28, 36, 13, 12, 37, 44, 5, 11, 14, 50, 31, 18, 7, 2, 23, 77, 67, 33, 3, 22, 27, 9, 16, 20, 29, 35, 1, 8, 17, 32, 4, 21, 43, 6, 19}},
14490.5 ms: {150, {128, 97, 72, 124, 132, 93, 103, 122, 134, 91, 105, 120, 136, 89, 107, 149, 140, 116, 109, 147, 142, 114, 111, 145, 144, 112, 113, 143, 146, 110, 115, 141, 148, 108, 117, 139, 150, 106, 119, 137, 88, 81, 63, 133, 123, 102, 94, 131, 125, 100, 96, 129, 127, 98, 71, 73, 48, 121, 135, 90, 79, 65, 104, 92, 77, 67, 54, 46, 75, 69, 52, 29, 35, 86, 83, 61, 60, 84, 85, 59, 62, 82, 87, 138, 118, 78, 66, 130, 126, 99, 70, 74, 95, 101, 68, 76, 45, 55, 26, 38, 43, 57, 64, 80, 41, 40, 24, 25, 56, 44, 37, 27, 22, 42, 39, 10, 15, 21, 28, 36, 13, 12, 4, 32, 49, 51, 30, 34, 47, 53, 11, 5, 20, 16, 33, 3, 1, 8, 17, 19, 6, 58, 23, 2, 14, 50, 31, 18, 7, 9}},
55.049 ms: {151, {128, 97, 72, 124, 132, 93, 103, 122, 134, 91, 105, 151, 138, 118, 107, 149, 140, 116, 109, 147, 142, 114, 111, 145, 144, 112, 113, 143, 146, 110, 115, 141, 148, 108, 117, 139, 150, 106, 119, 137, 88, 81, 63, 133, 123, 102, 94, 131, 125, 100, 96, 129, 127, 98, 71, 73, 48, 121, 135, 90, 79, 65, 104, 92, 77, 67, 54, 46, 75, 69, 52, 29, 35, 86, 83, 61, 60, 136, 120, 76, 68, 101, 95, 130, 126, 99, 70, 74, 47, 53, 28, 36, 85, 84, 37, 44, 56, 25, 39, 82, 87, 57, 64, 80, 89, 55, 66, 78, 43, 38, 62, 59, 41, 40, 24, 12, 13, 51, 49, 32, 17, 19, 45, 4, 21, 15, 10, 26, 23, 2, 34, 30, 6, 58, 42, 22, 27, 9, 7, 18, 31, 50, 14, 11, 5, 20, 16, 33, 3, 1, 8}},
266.24 ms: {152, {128, 97, 72, 124, 132, 93, 103, 122, 134, 91, 105, 151, 138, 118, 107, 149, 140, 116, 109, 147, 142, 114, 111, 145, 144, 112, 113, 143, 146, 110, 115, 141, 148, 108, 117, 139, 150, 106, 119, 137, 152, 104, 121, 135, 90, 79, 65, 131, 125, 100, 96, 129, 127, 98, 71, 50, 94, 102, 123, 133, 92, 77, 67, 54, 46, 75, 69, 52, 48, 73, 27, 37, 84, 85, 59, 62, 82, 87, 57, 64, 80, 89, 136, 120, 76, 68, 101, 95, 130, 126, 99, 70, 74, 47, 53, 28, 36, 45, 55, 66, 78, 43, 38, 83, 86, 58, 63, 81, 88, 56, 44, 20, 61, 60, 40, 41, 23, 26, 10, 39, 42, 22, 14, 2, 34, 30, 19, 6, 3, 33, 16, 9, 7, 29, 35, 1, 8, 17, 32, 4, 21, 15, 49, 51, 13, 12, 24, 25, 11, 5, 31, 18}},
49.043 ms: {153, {128, 97, 99, 126, 130, 95, 101, 124, 132, 93, 103, 153, 136, 120, 105, 151, 138, 118, 107, 149, 140, 116, 109, 147, 142, 114, 111, 145, 144, 112, 113, 143, 146, 110, 115, 141, 148, 108, 117, 139, 150, 106, 119, 137, 152, 104, 121, 135, 90, 79, 65, 131, 125, 100, 96, 129, 127, 98, 71, 50, 94, 102, 123, 133, 92, 77, 67, 54, 46, 75, 69, 52, 48, 73, 27, 37, 84, 85, 59, 62, 134, 122, 74, 70, 51, 49, 72, 28, 53, 91, 78, 66, 55, 89, 80, 64, 57, 87, 82, 39, 61, 83, 86, 58, 63, 81, 88, 56, 44, 20, 29, 35, 14, 22, 42, 7, 18, 31, 33, 16, 9, 40, 60, 21, 43, 38, 26, 23, 41, 8, 17, 32, 68, 76, 5, 11, 25, 24, 12, 4, 45, 36, 13, 3, 1, 15, 10, 6, 19, 30, 34, 47, 2}},
2569.24 ms: {154, {128, 97, 99, 126, 130, 95, 101, 124, 132, 93, 103, 153, 136, 120, 105, 151, 138, 118, 107, 149, 140, 116, 109, 147, 142, 114, 111, 145, 144, 112, 113, 143, 146, 110, 115, 141, 148, 108, 117, 139, 150, 106, 119, 137, 152, 104, 121, 135, 154, 102, 123, 133, 92, 77, 67, 129, 127, 98, 71, 125, 131, 94, 50, 31, 90, 79, 65, 56, 88, 81, 63, 58, 86, 83, 61, 60, 84, 85, 59, 62, 134, 122, 74, 70, 51, 49, 72, 28, 53, 91, 78, 66, 55, 89, 80, 64, 57, 87, 82, 39, 42, 22, 27, 73, 96, 100, 69, 75, 46, 54, 10, 26, 38, 43, 21, 15, 34, 47, 17, 32, 68, 76, 24, 25, 11, 5, 4, 12, 37, 44, 20, 29, 52, 48, 16, 33, 3, 6, 30, 19, 45, 36, 13, 23, 2, 14, 35, 1, 8, 41, 40, 9, 7, 18}},
80.066 ms: {155, {128, 97, 99, 126, 130, 95, 101, 155, 134, 122, 103, 153, 136, 120, 105, 151, 138, 118, 107, 149, 140, 116, 109, 147, 142, 114, 111, 145, 144, 112, 113, 143, 146, 110, 115, 141, 148, 108, 117, 139, 150, 106, 119, 137, 152, 104, 121, 135, 154, 102, 123, 133, 92, 77, 67, 129, 127, 98, 71, 125, 131, 94, 50, 31, 90, 79, 65, 56, 88, 81, 63, 58, 86, 83, 61, 60, 84, 85, 59, 62, 82, 87, 57, 64, 132, 124, 72, 49, 51, 93, 76, 68, 53, 91, 78, 66, 55, 89, 80, 41, 40, 24, 25, 96, 100, 69, 75, 46, 54, 27, 73, 48, 52, 29, 35, 14, 22, 42, 39, 10, 26, 74, 70, 30, 34, 47, 2, 23, 13, 36, 45, 19, 6, 43, 38, 11, 5, 20, 44, 37, 12, 4, 32, 17, 8, 28, 21, 15, 1, 3, 33, 16, 9, 7, 18}},
470922 ms: {156, {128, 97, 99, 126, 130, 95, 101, 155, 134, 122, 103, 153, 136, 120, 105, 151, 138, 118, 107, 149, 140, 116, 109, 147, 142, 114, 111, 145, 144, 112, 113, 143, 146, 110, 115, 141, 148, 108, 117, 139, 150, 106, 119, 137, 152, 104, 121, 135, 154, 102, 123, 133, 156, 100, 125, 131, 94, 50, 71, 98, 127, 129, 96, 73, 48, 52, 92, 77, 67, 54, 90, 79, 65, 56, 88, 81, 63, 58, 86, 83, 61, 60, 84, 85, 59, 62, 82, 87, 57, 64, 132, 124, 72, 49, 51, 93, 76, 68, 53, 91, 78, 66, 55, 89, 80, 41, 40, 24, 25, 75, 69, 31, 33, 16, 20, 44, 37, 12, 13, 36, 45, 19, 30, 70, 74, 47, 34, 15, 21, 28, 8, 17, 32, 4, 5, 11, 14, 2, 23, 26, 38, 43, 6, 10, 39, 42, 22, 27, 9, 7, 29, 35, 1, 3, 46, 18}},
402578 ms: {157, {128, 97, 72, 153, 136, 120, 105, 151, 138, 118, 107, 149, 140, 116, 109, 147, 142, 114, 111, 145, 144, 112, 113, 143, 146, 110, 115, 141, 148, 108, 117, 139, 150, 106, 119, 137, 152, 104, 121, 135, 154, 102, 123, 133, 156, 100, 125, 131, 94, 50, 71, 98, 127, 129, 96, 73, 48, 52, 92, 77, 67, 54, 90, 79, 65, 56, 88, 81, 63, 58, 86, 83, 61, 60, 84, 85, 59, 62, 134, 155, 101, 124, 132, 157, 99, 126, 130, 95, 74, 122, 103, 93, 76, 68, 53, 91, 78, 66, 55, 89, 80, 64, 57, 87, 82, 39, 42, 22, 27, 37, 44, 20, 29, 35, 46, 75, 69, 31, 18, 7, 9, 16, 33, 3, 13, 12, 4, 5, 11, 25, 24, 40, 41, 23, 26, 38, 43, 21, 28, 36, 45, 19, 6, 10, 15, 1, 8, 17, 32, 49, 51, 70, 30, 34, 47, 2, 14}},
153184 ms: {158, {128, 97, 72, 153, 136, 120, 105, 151, 138, 118, 107, 149, 140, 116, 109, 147, 142, 114, 111, 145, 144, 112, 113, 143, 146, 110, 115, 141, 148, 108, 117, 139, 150, 106, 119, 137, 152, 104, 121, 135, 154, 102, 123, 133, 156, 100, 125, 131, 158, 98, 127, 129, 96, 73, 71, 50, 94, 75, 69, 52, 92, 77, 67, 54, 90, 79, 65, 56, 88, 81, 63, 58, 86, 83, 61, 60, 84, 85, 59, 62, 134, 155, 101, 124, 132, 157, 99, 126, 130, 95, 74, 122, 103, 93, 76, 68, 53, 91, 78, 66, 55, 89, 80, 64, 57, 87, 82, 39, 42, 22, 27, 37, 44, 20, 29, 35, 46, 18, 31, 33, 48, 16, 9, 7, 2, 14, 11, 25, 24, 40, 41, 23, 26, 38, 43, 21, 28, 8, 1, 3, 6, 10, 15, 34, 47, 17, 32, 49, 51, 70, 30, 19, 45, 36, 13, 12, 4, 5}},
73.037 ms: {159, {128, 97, 159, 130, 126, 99, 157, 132, 124, 101, 155, 134, 122, 103, 153, 136, 120, 105, 151, 138, 118, 107, 149, 140, 116, 109, 147, 142, 114, 111, 145, 144, 112, 113, 143, 146, 110, 115, 141, 148, 108, 117, 139, 150, 106, 119, 137, 152, 104, 121, 135, 154, 102, 123, 133, 156, 100, 125, 131, 158, 98, 127, 129, 96, 73, 71, 50, 94, 75, 69, 52, 92, 77, 67, 54, 90, 79, 65, 56, 88, 81, 63, 58, 86, 83, 61, 60, 84, 85, 59, 62, 82, 87, 57, 64, 80, 89, 55, 66, 78, 91, 53, 68, 76, 93, 51, 70, 74, 95, 49, 72, 28, 36, 45, 19, 30, 34, 47, 17, 32, 4, 21, 43, 38, 26, 23, 41, 40, 24, 25, 39, 42, 22, 27, 9, 16, 48, 33, 31, 18, 46, 35, 29, 7, 2, 14, 11, 5, 20, 44, 37, 12, 13, 3, 6, 10, 15, 1, 8}},
73.037 ms: {160, {128, 97, 159, 130, 126, 99, 157, 132, 124, 101, 155, 134, 122, 103, 153, 136, 120, 105, 151, 138, 118, 107, 149, 140, 116, 109, 147, 142, 114, 111, 145, 144, 112, 113, 143, 146, 110, 115, 141, 148, 108, 117, 139, 150, 106, 119, 137, 152, 104, 121, 135, 154, 102, 123, 133, 156, 100, 125, 131, 158, 98, 127, 129, 160, 96, 73, 71, 50, 94, 75, 69, 52, 92, 77, 67, 54, 90, 79, 65, 56, 88, 81, 63, 58, 86, 83, 61, 60, 84, 85, 59, 62, 82, 87, 57, 64, 80, 89, 55, 66, 78, 91, 53, 68, 76, 93, 51, 70, 74, 95, 49, 72, 28, 36, 45, 19, 30, 34, 47, 17, 32, 4, 21, 43, 38, 26, 23, 41, 40, 24, 25, 39, 42, 22, 27, 9, 16, 48, 33, 31, 18, 46, 35, 29, 7, 2, 14, 11, 5, 20, 44, 37, 12, 13, 3, 6, 10, 15, 1, 8}},
39.019 ms: {161, {121, 135, 154, 102, 123, 133, 156, 100, 125, 131, 158, 98, 127, 129, 160, 96, 73, 152, 137, 119, 106, 150, 139, 117, 108, 148, 141, 115, 110, 146, 143, 113, 112, 144, 145, 111, 114, 142, 147, 109, 116, 140, 149, 107, 118, 138, 151, 105, 120, 136, 153, 103, 122, 134, 155, 101, 124, 132, 157, 99, 126, 130, 159, 97, 128, 161, 95, 74, 70, 51, 93, 76, 68, 53, 91, 78, 66, 55, 89, 80, 64, 57, 87, 82, 62, 59, 85, 84, 60, 61, 83, 86, 58, 63, 81, 88, 56, 65, 104, 92, 77, 67, 54, 90, 79, 42, 39, 25, 75, 94, 50, 71, 29, 52, 69, 31, 33, 48, 16, 20, 44, 37, 27, 22, 14, 35, 46, 18, 7, 9, 72, 49, 32, 17, 47, 34, 30, 19, 45, 36, 28, 21, 4, 5, 11, 38, 43, 6, 3, 13, 12, 24, 40, 41, 8, 1, 15, 10, 26, 23, 2}},
36.018 ms: {162, {121, 135, 154, 102, 123, 133, 156, 100, 125, 131, 158, 98, 127, 162, 94, 50, 146, 143, 113, 112, 144, 145, 111, 114, 142, 147, 109, 116, 140, 149, 107, 118, 138, 151, 105, 120, 136, 153, 103, 122, 134, 155, 101, 124, 132, 157, 99, 126, 130, 159, 97, 128, 161, 95, 74, 70, 51, 93, 76, 68, 53, 91, 78, 66, 55, 141, 148, 108, 117, 139, 150, 106, 119, 137, 152, 104, 92, 77, 67, 129, 160, 96, 73, 71, 29, 115, 110, 86, 83, 61, 60, 84, 85, 59, 62, 82, 87, 57, 64, 80, 89, 32, 49, 72, 28, 36, 45, 19, 81, 88, 56, 65, 79, 90, 54, 46, 75, 69, 52, 48, 33, 31, 18, 63, 58, 42, 39, 25, 24, 40, 41, 23, 26, 38, 43, 21, 15, 10, 6, 30, 34, 47, 17, 8, 1, 35, 14, 11, 5, 4, 12, 13, 3, 22, 27, 37, 44, 20, 16, 9, 7, 2}},
35.018 ms: {163, {121, 135, 154, 102, 123, 133, 156, 100, 125, 131, 158, 98, 127, 162, 94, 50, 146, 143, 113, 112, 144, 145, 111, 114, 142, 147, 109, 116, 140, 149, 107, 118, 138, 151, 105, 120, 136, 153, 103, 122, 134, 155, 101, 124, 132, 157, 99, 126, 163, 161, 128, 97, 159, 130, 95, 74, 70, 51, 93, 76, 68, 53, 91, 78, 66, 55, 141, 148, 108, 117, 139, 150, 106, 119, 137, 152, 104, 92, 77, 67, 129, 160, 96, 73, 71, 29, 115, 110, 86, 83, 61, 60, 84, 85, 59, 62, 82, 87, 57, 64, 80, 89, 32, 49, 72, 28, 36, 45, 19, 81, 88, 56, 65, 79, 90, 54, 46, 75, 69, 52, 48, 33, 31, 18, 63, 58, 42, 39, 25, 24, 40, 41, 23, 26, 38, 43, 21, 15, 10, 6, 30, 34, 47, 17, 8, 1, 35, 14, 11, 5, 4, 12, 13, 3, 22, 27, 37, 44, 20, 16, 9, 7, 2}},
34.017 ms: {164, {121, 135, 154, 102, 123, 133, 156, 100, 125, 164, 160, 129, 127, 162, 94, 131, 158, 98, 71, 50, 146, 143, 113, 112, 144, 145, 111, 114, 142, 147, 109, 116, 140, 149, 107, 118, 138, 151, 105, 120, 136, 153, 103, 122, 134, 155, 101, 124, 132, 157, 99, 126, 163, 161, 128, 97, 159, 130, 95, 74, 70, 51, 93, 76, 68, 53, 91, 78, 66, 55, 141, 148, 108, 117, 139, 150, 106, 119, 137, 152, 104, 92, 77, 67, 54, 115, 110, 86, 83, 61, 60, 84, 85, 59, 62, 82, 87, 57, 64, 80, 89, 32, 49, 72, 28, 36, 45, 19, 81, 88, 56, 65, 79, 90, 31, 69, 75, 46, 18, 63, 58, 42, 39, 25, 96, 73, 48, 52, 29, 35, 14, 22, 27, 37, 44, 20, 16, 33, 3, 13, 23, 41, 40, 9, 7, 2, 47, 34, 30, 6, 43, 21, 15, 10, 26, 38, 11, 5, 4, 12, 24, 1, 8, 17}},
32.016 ms: {165, {121, 135, 154, 102, 123, 133, 156, 100, 125, 164, 160, 129, 127, 162, 94, 131, 158, 98, 71, 50, 146, 143, 113, 112, 144, 145, 111, 114, 142, 147, 109, 116, 140, 149, 107, 118, 138, 151, 105, 120, 136, 153, 103, 122, 134, 155, 101, 124, 165, 159, 130, 126, 163, 161, 128, 97, 72, 49, 95, 74, 70, 99, 157, 132, 93, 76, 68, 53, 91, 78, 66, 55, 141, 148, 108, 117, 139, 150, 106, 119, 137, 152, 104, 92, 77, 67, 54, 115, 110, 86, 83, 61, 60, 84, 85, 59, 62, 82, 87, 57, 64, 80, 89, 32, 17, 47, 34, 30, 51, 13, 36, 45, 19, 81, 88, 56, 65, 79, 90, 31, 69, 75, 46, 18, 63, 58, 42, 39, 25, 96, 73, 48, 52, 29, 35, 14, 22, 27, 37, 44, 20, 16, 33, 3, 6, 43, 38, 11, 5, 4, 21, 28, 8, 41, 40, 9, 7, 2, 23, 26, 10, 15, 1, 24, 12}},
48.024 ms: {166, {121, 135, 154, 102, 123, 166, 158, 131, 125, 164, 160, 129, 127, 162, 94, 50, 146, 143, 113, 112, 144, 145, 111, 114, 142, 147, 109, 116, 140, 149, 107, 118, 138, 151, 105, 120, 136, 153, 103, 122, 134, 155, 101, 124, 165, 159, 130, 126, 163, 161, 128, 97, 72, 49, 95, 74, 70, 99, 157, 132, 93, 76, 68, 53, 91, 78, 66, 55, 141, 148, 108, 117, 139, 150, 106, 119, 137, 152, 104, 92, 133, 156, 100, 96, 73, 71, 98, 46, 75, 69, 52, 48, 33, 88, 81, 115, 110, 86, 83, 61, 60, 84, 85, 59, 62, 82, 87, 57, 64, 80, 89, 32, 17, 47, 34, 30, 51, 13, 36, 45, 19, 6, 58, 63, 37, 44, 77, 67, 54, 90, 79, 65, 56, 25, 39, 42, 22, 27, 9, 16, 20, 29, 35, 14, 11, 38, 43, 21, 28, 8, 41, 40, 24, 12, 4, 5, 31, 18, 7, 2, 23, 26, 10, 15, 1, 3}},
35.018 ms: {167, {121, 135, 154, 102, 123, 166, 158, 131, 125, 164, 160, 129, 127, 162, 94, 50, 146, 143, 113, 112, 144, 145, 111, 114, 142, 147, 109, 116, 140, 149, 107, 118, 138, 151, 105, 120, 136, 153, 103, 122, 167, 157, 132, 124, 165, 159, 130, 126, 163, 161, 128, 97, 72, 49, 95, 101, 155, 134, 91, 78, 66, 55, 141, 148, 108, 117, 139, 150, 106, 119, 137, 152, 104, 92, 133, 156, 100, 96, 73, 71, 98, 46, 75, 69, 52, 48, 33, 88, 81, 115, 110, 86, 83, 61, 60, 84, 85, 59, 62, 82, 87, 57, 64, 80, 89, 32, 68, 76, 93, 51, 70, 99, 45, 36, 28, 53, 47, 74, 26, 38, 43, 21, 79, 90, 54, 67, 77, 44, 56, 65, 35, 29, 20, 16, 9, 40, 41, 23, 58, 63, 37, 27, 22, 42, 39, 25, 24, 1, 8, 17, 19, 30, 34, 15, 10, 6, 3, 13, 12, 4, 5, 31, 18, 7, 2, 14, 11}},
22882.4 ms: {168, {128, 161, 163, 126, 130, 159, 165, 124, 132, 157, 167, 122, 134, 155, 101, 95, 74, 151, 138, 118, 107, 149, 140, 116, 109, 147, 142, 114, 111, 145, 144, 112, 113, 143, 146, 110, 115, 141, 148, 108, 117, 139, 150, 106, 119, 137, 152, 104, 121, 168, 156, 133, 123, 166, 158, 131, 125, 164, 160, 129, 127, 162, 94, 102, 154, 135, 90, 79, 65, 56, 88, 81, 63, 58, 86, 83, 61, 60, 136, 153, 103, 93, 76, 120, 105, 91, 78, 66, 55, 89, 80, 64, 57, 87, 82, 62, 59, 85, 84, 37, 44, 100, 96, 73, 71, 98, 46, 75, 69, 52, 92, 77, 67, 54, 27, 22, 99, 97, 72, 49, 51, 70, 30, 34, 47, 53, 68, 32, 17, 19, 45, 36, 28, 8, 41, 40, 24, 25, 39, 42, 7, 18, 31, 50, 14, 2, 23, 26, 38, 11, 5, 20, 29, 35, 1, 15, 10, 6, 43, 21, 4, 12, 13, 3, 33, 48, 16, 9}},
